platform_name,platform_version,platform_product,platform_manufacturer,platform_layout,platform_os,platform_description,date,label,s_movement,do_absolute,do_alpha,do_beta,do_gamma,acc_g_x,acc_g_y,acc_g_z,acc_x,acc_y,acc_z,rot_alpha,rot_beta,rot_gamma
Chrome Mobile,86.0.4240.198,,,Blink,[object Object],Chrome Mobile 86.0.4240.198 on Android 10,2021-05-09T02:46:17.802Z,直立,部屋の中,false,317.6,27.700000000000003,-0.2,0.1,4.4,9.700000000000001,0,-0.4,0.4,-24.599999999999998,-20.1,-3.9
Chrome Mobile,86.0.4240.198,,,Blink,[object Object],Chrome Mobile 86.0.4240.198 on Android 10,2021-05-09T02:46:18.008Z,直立,部屋の中,false,294.90000000000003,53.400000000000006,-7.300000000000001,-0.2,8.9,5.4,-1.1,0.8,-0.6000000000000001,18.5,-48,1.6
Chrome Mobile,86.0.4240.198,,,Blink,[object Object],Chrome Mobile 86.0.4240.198 on Android 10,2021-05-09T02:46:18.215Z,直立,部屋の中,false,297.40000000000003,56.900000000000006,-5.7,-4.1000000000000005,7.9,7.300000000000001,-4.7,-0.6000000000000001,1.8,39.50000000000001,81.90000000000002,36.5
Chrome Mobile,86.0.4240.198,,,Blink,[object Object],Chrome Mobile 86.0.4240.198 on Android 10,2021-05-09T02:46:18.415Z,直立,部屋の中,false,319.5,62.5,-4.5,8.4,10,3.4000000000000004,8,1.1,-2.3000000000000003,-7.1000000000000005,27.5,-2.5
Chrome Mobile,86.0.4240.198,,,Blink,[object Object],Chrome Mobile 86.0.4240.198 on Android 10,2021-05-09T02:46:18.616Z,直立,部屋の中,false,317.5,63.400000000000006,-17.3,5.5,7.9,5.7,3.8000000000000003,-1.3,1.8,0.7,-191.8,-35.4
Chrome Mobile,86.0.4240.198,,,Blink,[object Object],Chrome Mobile 86.0.4240.198 on Android 10,2021-05-09T02:46:18.822Z,直立,部屋の中,false,295.1,61.7,-33,-8.5,10.700000000000001,8.1,-10.9,1.4000000000000001,4.6000000000000005,-5.9,-72.60000000000001,16.700000000000003
Chrome Mobile,86.0.4240.198,,,Blink,[object Object],Chrome Mobile 86.0.4240.198 on Android 10,2021-05-09T02:46:19.026Z,直立,部屋の中,false,300.8,66.8,-25.700000000000003,-0.7000000000000001,8.5,8.1,-2.5,-1,4.4,59.20000000000001,207.6,-2.6
Chrome Mobile,86.0.4240.198,,,Blink,[object Object],Chrome Mobile 86.0.4240.198 on Android 10,2021-05-09T02:46:19.226Z,直立,部屋の中,false,333.8,72,-20.700000000000003,14.200000000000001,10.5,0.2,13.100000000000001,0.7000000000000001,-2.8000000000000003,21.500000000000004,59.20000000000001,2.8
Chrome Mobile,86.0.4240.198,,,Blink,[object Object],Chrome Mobile 86.0.4240.198 on Android 10,2021-05-09T02:46:19.427Z,直立,部屋の中,false,316.1,70.9,-24.1,2.9000000000000004,6.5,7.300000000000001,1.5,-3.2,4.3,-17.799999999999997,-221.1,-41.199999999999996
Chrome Mobile,86.0.4240.198,,,Blink,[object Object],Chrome Mobile 86.0.4240.198 on Android 10,2021-05-09T02:46:19.628Z,直立,部屋の中,false,293.5,62,-38.400000000000006,-6.4,12.3,5.1000000000000005,-9.4,3.6,0.9,-11.6,-89.70000000000002,27.6
Chrome Mobile,86.0.4240.198,,,Blink,[object Object],Chrome Mobile 86.0.4240.198 on Android 10,2021-05-09T02:46:19.829Z,直立,部屋の中,false,296.1,68.5,-20.400000000000002,-2,7.4,9.4,-3,-2.1,6.1000000000000005,63.30000000000001,192.1,34.2
Chrome Mobile,86.0.4240.198,,,Blink,[object Object],Chrome Mobile 86.0.4240.198 on Android 10,2021-05-09T02:46:20.030Z,直立,部屋の中,false,342.5,65.7,-26.5,14.600000000000001,10.200000000000001,4.3,13.3,1.2000000000000002,0.30000000000000004,27.9,70.7,64
Chrome Mobile,86.0.4240.198,,,Blink,[object Object],Chrome Mobile 86.0.4240.198 on Android 10,2021-05-09T02:46:20.231Z,直立,部屋の中,false,327.70000000000005,68.7,-31.3,6.4,5.9,4.1000000000000005,4.800000000000001,-3.5,0.5,-18.1,-242.20000000000002,-72.7
Chrome Mobile,86.0.4240.198,,,Blink,[object Object],Chrome Mobile 86.0.4240.198 on Android 10,2021-05-09T02:46:20.438Z,直立,部屋の中,false,292.40000000000003,54.2,-45.2,-5.2,13.100000000000001,12.100000000000001,-9.5,4.7,7.4,-50.3,-93.89999999999999,33.7
Chrome Mobile,86.0.4240.198,,,Blink,[object Object],Chrome Mobile 86.0.4240.198 on Android 10,2021-05-09T02:46:20.638Z,直立,部屋の中,false,294.3,59.400000000000006,-30.6,2.2,6.2,8.700000000000001,-0.2,-2.7,4.5,99.10000000000001,250.3,24
Chrome Mobile,86.0.4240.198,,,Blink,[object Object],Chrome Mobile 86.0.4240.198 on Android 10,2021-05-09T02:46:20.839Z,直立,部屋の中,false,340.20000000000005,66.8,-32.300000000000004,16.5,10,-0.6000000000000001,14.200000000000001,0.4,-4.4,50.2,61.300000000000004,8.600000000000001
Chrome Mobile,86.0.4240.198,,,Blink,[object Object],Chrome Mobile 86.0.4240.198 on Android 10,2021-05-09T02:46:21.047Z,直立,部屋の中,false,316.40000000000003,68,-25.200000000000003,9.200000000000001,8.5,3.8000000000000003,8,-0.5,0.2,-25.1,-214.20000000000002,-53.50000000000001
Chrome Mobile,86.0.4240.198,,,Blink,[object Object],Chrome Mobile 86.0.4240.198 on Android 10,2021-05-09T02:46:21.248Z,直立,部屋の中,false,279.7,62.6,-27.700000000000003,-10.4,7.800000000000001,8.700000000000001,-12.5,-1.2000000000000002,4.1000000000000005,6.8,-106.5,19
Chrome Mobile,86.0.4240.198,,,Blink,[object Object],Chrome Mobile 86.0.4240.198 on Android 10,2021-05-09T02:46:21.449Z,直立,部屋の中,false,288.2,66,-14.200000000000001,0.4,9.700000000000001,10.8,-0.6000000000000001,0.30000000000000004,6.6000000000000005,27.2,233.60000000000002,25.300000000000004
Chrome Mobile,86.0.4240.198,,,Blink,[object Object],Chrome Mobile 86.0.4240.198 on Android 10,2021-05-09T02:46:21.649Z,直立,部屋の中,false,326.8,71.10000000000001,-18.5,9.5,7,0.9,8.4,-2.6,-2.2,-1.7,49.300000000000004,7.400000000000001
Chrome Mobile,86.0.4240.198,,,Blink,[object Object],Chrome Mobile 86.0.4240.198 on Android 10,2021-05-09T02:46:21.862Z,直立,部屋の中,false,317.5,68.5,-27.200000000000003,3.6,8.200000000000001,5.300000000000001,1.8,-1.3,2.1,-78.7,-140.8,-52.2
Chrome Mobile,86.0.4240.198,,,Blink,[object Object],Chrome Mobile 86.0.4240.198 on Android 10,2021-05-09T02:46:22.062Z,直立,部屋の中,false,294.7,59.1,-34.4,-6.300000000000001,10.8,9.5,-8.8,2.2,5.1000000000000005,-4.9,-37.7,49.50000000000001
Chrome Mobile,86.0.4240.198,,,Blink,[object Object],Chrome Mobile 86.0.4240.198 on Android 10,2021-05-09T02:46:22.263Z,直立,部屋の中,false,299.5,65.8,-16.8,0.6000000000000001,8.200000000000001,6.300000000000001,-0.7000000000000001,-1.3,2.3000000000000003,48.9,166.60000000000002,2.8
Chrome Mobile,86.0.4240.198,,,Blink,[object Object],Chrome Mobile 86.0.4240.198 on Android 10,2021-05-09T02:46:22.463Z,直立,部屋の中,false,328.40000000000003,70.10000000000001,-24.1,11.600000000000001,9.4,-0.9,9.700000000000001,-0.5,-3.7,3.1,14.200000000000001,-3.7000000000000006
Chrome Mobile,86.0.4240.198,,,Blink,[object Object],Chrome Mobile 86.0.4240.198 on Android 10,2021-05-09T02:46:22.664Z,直立,部屋の中,false,313.5,66,-30.8,0.8,8.1,3.9000000000000004,-1.3,-0.9,-0.2,-28.900000000000002,-179.9,1
Chrome Mobile,86.0.4240.198,,,Blink,[object Object],Chrome Mobile 86.0.4240.198 on Android 10,2021-05-09T02:46:22.865Z,直立,部屋の中,false,303,60.800000000000004,-33.2,-2.3000000000000003,10.5,9.1,-5,1.5,4.9,70.3,71.39999999999999,29.800000000000004
Chrome Mobile,86.0.4240.198,,,Blink,[object Object],Chrome Mobile 86.0.4240.198 on Android 10,2021-05-09T02:46:23.066Z,直立,部屋の中,false,317.20000000000005,67.60000000000001,-16.400000000000002,5.9,6.4,3,4.9,-3,-0.8,40.5,121.10000000000001,61.39999999999999
Chrome Mobile,86.0.4240.198,,,Blink,[object Object],Chrome Mobile 86.0.4240.198 on Android 10,2021-05-09T02:46:23.267Z,直立,部屋の中,false,326.8,66.60000000000001,-26.6,5,7.6000000000000005,5.300000000000001,3,-1.8,1.6,-27.3,-149.20000000000002,-54.4
Chrome Mobile,86.0.4240.198,,,Blink,[object Object],Chrome Mobile 86.0.4240.198 on Android 10,2021-05-09T02:46:23.473Z,直立,部屋の中,false,303.40000000000003,60.7,-36,-4.1000000000000005,10.700000000000001,6.800000000000001,-7.1000000000000005,2,2.9000000000000004,-49.699999999999996,-90.80000000000001,21
Chrome Mobile,86.0.4240.198,,,Blink,[object Object],Chrome Mobile 86.0.4240.198 on Android 10,2021-05-09T02:46:23.674Z,直立,部屋の中,false,299.7,65.5,-23,-0.30000000000000004,8.4,6.800000000000001,-1.6,-1,3.3000000000000003,53.10000000000001,145.8,-14.700000000000001
Chrome Mobile,86.0.4240.198,,,Blink,[object Object],Chrome Mobile 86.0.4240.198 on Android 10,2021-05-09T02:46:23.880Z,直立,部屋の中,false,314.90000000000003,71.5,-16.2,10.3,9.8,1.2000000000000002,9.5,0,-1.5,13.100000000000001,-16.700000000000003,-1.3
Chrome Mobile,86.0.4240.198,,,Blink,[object Object],Chrome Mobile 86.0.4240.198 on Android 10,2021-05-09T02:46:24.081Z,直立,部屋の中,false,307.70000000000005,66.5,-29.8,0.7000000000000001,8.1,5.2,-1.4000000000000001,-1.2000000000000002,1.9000000000000001,-36.300000000000004,-157.4,7.1000000000000005
Chrome Mobile,86.0.4240.198,,,Blink,[object Object],Chrome Mobile 86.0.4240.198 on Android 10,2021-05-09T02:46:24.288Z,直立,部屋の中,false,297.1,60.5,-35.9,-3.3000000000000003,10.5,7.5,-6.1000000000000005,1.6,3.4000000000000004,52.60000000000001,56.6,17.7
Chrome Mobile,86.0.4240.198,,,Blink,[object Object],Chrome Mobile 86.0.4240.198 on Android 10,2021-05-09T02:46:24.488Z,直立,部屋の中,false,300.7,68.8,-12.5,5,8,6.5,4.4,-1.7000000000000002,2.9000000000000004,25.300000000000004,151.8,11.3
Chrome Mobile,86.0.4240.198,,,Blink,[object Object],Chrome Mobile 86.0.4240.198 on Android 10,2021-05-09T02:46:24.689Z,直立,部屋の中,false,320.90000000000003,69.4,-26.1,6.7,7.9,4.5,5,-1.6,1.5,-42.7,-104.80000000000001,-10.5
Chrome Mobile,86.0.4240.198,,,Blink,[object Object],Chrome Mobile 86.0.4240.198 on Android 10,2021-05-09T02:46:24.890Z,直立,部屋の中,false,308.70000000000005,59.300000000000004,-41.1,-1.8,10.8,6.800000000000001,-5.6000000000000005,2.1,3.3000000000000003,-94.7,-95.69999999999999,4.4
Chrome Mobile,86.0.4240.198,,,Blink,[object Object],Chrome Mobile 86.0.4240.198 on Android 10,2021-05-09T02:46:25.090Z,直立,部屋の中,false,300.6,63.400000000000006,-26.700000000000003,-1.1,7.300000000000001,4.4,-3.4000000000000004,-2.1,-0.30000000000000004,68.7,131.6,-12.5
Chrome Mobile,86.0.4240.198,,,Blink,[object Object],Chrome Mobile 86.0.4240.198 on Android 10,2021-05-09T02:46:25.294Z,直立,部屋の中,false,319.8,64.7,-22.6,13.100000000000001,9.4,1.1,11.100000000000001,-0.1,-3.6,34.1,22.2,14.200000000000001
Chrome Mobile,86.0.4240.198,,,Blink,[object Object],Chrome Mobile 86.0.4240.198 on Android 10,2021-05-09T02:46:25.494Z,直立,部屋の中,false,313.20000000000005,59,-31.6,1.4000000000000001,8.6,6.1000000000000005,-1,-0.30000000000000004,1.6,-44.300000000000004,-113.5,10.1
Chrome Mobile,86.0.4240.198,,,Blink,[object Object],Chrome Mobile 86.0.4240.198 on Android 10,2021-05-09T02:46:25.695Z,直立,部屋の中,false,307.6,54.6,-35.2,-2.3000000000000003,10.5,9,-5.9,2.2,3.4000000000000004,5.7,66.80000000000001,-3.5
Chrome Mobile,86.0.4240.198,,,Blink,[object Object],Chrome Mobile 86.0.4240.198 on Android 10,2021-05-09T02:46:25.896Z,直立,部屋の中,false,308.70000000000005,60.900000000000006,-11.4,5.6000000000000005,8.700000000000001,5.7,4.4,-0.30000000000000004,0.8,19.9,115.3,8
Chrome Mobile,86.0.4240.198,,,Blink,[object Object],Chrome Mobile 86.0.4240.198 on Android 10,2021-05-09T02:46:26.097Z,直立,部屋の中,false,320,59.800000000000004,-15.4,6.5,7.6000000000000005,4.2,5.2,-1.3,-0.7000000000000001,-46.800000000000004,-51.6,-14.600000000000001
Chrome Mobile,86.0.4240.198,,,Blink,[object Object],Chrome Mobile 86.0.4240.198 on Android 10,2021-05-09T02:46:26.299Z,直立,部屋の中,false,311.90000000000003,51.5,-32.4,-3.1,9.1,9.9,-6.2,1.1,4.4,0.30000000000000004,-147.7,32
Chrome Mobile,86.0.4240.198,,,Blink,[object Object],Chrome Mobile 86.0.4240.198 on Android 10,2021-05-09T02:46:26.500Z,直立,部屋の中,false,308.8,59.400000000000006,-26.3,1.6,9.3,6.6000000000000005,-0.5,0.1,2.4000000000000004,8.4,137.5,-61.8
Chrome Mobile,86.0.4240.198,,,Blink,[object Object],Chrome Mobile 86.0.4240.198 on Android 10,2021-05-09T02:46:26.700Z,直立,部屋の中,false,310.70000000000005,66.4,-11.3,8.8,7.2,-2.2,8.200000000000001,-2.4000000000000004,-5.4,40.800000000000004,-29.600000000000005,24.8
Chrome Mobile,86.0.4240.198,,,Blink,[object Object],Chrome Mobile 86.0.4240.198 on Android 10,2021-05-09T02:46:26.901Z,直立,部屋の中,false,321.40000000000003,59.400000000000006,-36.6,3,9.5,5,0,0.7000000000000001,0.7000000000000001,-57.699999999999996,-121.70000000000002,31.2
Chrome Mobile,86.0.4240.198,,,Blink,[object Object],Chrome Mobile 86.0.4240.198 on Android 10,2021-05-09T02:46:27.105Z,直立,部屋の中,false,315.20000000000005,57.5,-40.5,-0.5,11,7,-4.1000000000000005,2.3000000000000003,2.8000000000000003,57.400000000000006,49.300000000000004,-36.300000000000004
Chrome Mobile,86.0.4240.198,,,Blink,[object Object],Chrome Mobile 86.0.4240.198 on Android 10,2021-05-09T02:46:27.306Z,直立,部屋の中,false,307.90000000000003,69.7,-13.200000000000001,3.5,7.6000000000000005,3.7,2.6,-2,0.2,6.4,107.30000000000001,15.700000000000001
Chrome Mobile,86.0.4240.198,,,Blink,[object Object],Chrome Mobile 86.0.4240.198 on Android 10,2021-05-09T02:46:27.507Z,直立,部屋の中,false,326.20000000000005,68.60000000000001,-31.400000000000002,4.2,7.6000000000000005,2.5,2.3000000000000003,-1.9000000000000001,-0.6000000000000001,-36.5,-93.3,-5.7
Chrome Mobile,86.0.4240.198,,,Blink,[object Object],Chrome Mobile 86.0.4240.198 on Android 10,2021-05-09T02:46:27.707Z,直立,部屋の中,false,319,63.6,-49.5,-4.4,11.3,6.1000000000000005,-8,2.1,3.3000000000000003,-38.900000000000006,-33.800000000000004,-5.2
Chrome Mobile,86.0.4240.198,,,Blink,[object Object],Chrome Mobile 86.0.4240.198 on Android 10,2021-05-09T02:46:27.915Z,直立,部屋の中,false,305.40000000000003,68.7,-19,0.5,9.5,9.200000000000001,-0.4,-0.1,6.1000000000000005,-0.2,163.7,-28.900000000000002
Chrome Mobile,86.0.4240.198,,,Blink,[object Object],Chrome Mobile 86.0.4240.198 on Android 10,2021-05-09T02:46:28.115Z,直立,部屋の中,false,324.3,72.4,-21.700000000000003,5.9,7.1000000000000005,2.5,5.7,-2.3000000000000003,-1.6,-75.9,-69.3,-26.000000000000004
Chrome Mobile,86.0.4240.198,,,Blink,[object Object],Chrome Mobile 86.0.4240.198 on Android 10,2021-05-09T02:46:28.316Z,直立,部屋の中,false,314.3,58.6,-37.9,-0.7000000000000001,10.4,9,-4,1.6,4.800000000000001,-39.599999999999994,-154.2,44.00000000000001
Chrome Mobile,86.0.4240.198,,,Blink,[object Object],Chrome Mobile 86.0.4240.198 on Android 10,2021-05-09T02:46:28.518Z,直立,部屋の中,false,311.8,61.300000000000004,-40.800000000000004,0.8,11.200000000000001,7.1000000000000005,-2.6,2,2.4000000000000004,25.300000000000004,104.50000000000001,-45.7
Chrome Mobile,86.0.4240.198,,,Blink,[object Object],Chrome Mobile 86.0.4240.198 on Android 10,2021-05-09T02:46:28.718Z,直立,部屋の中,false,293.3,69.9,2.1,8.1,7.300000000000001,4.800000000000001,8.200000000000001,-2.4000000000000004,1.3,63,39.50000000000001,30.799999999999997
Chrome Mobile,86.0.4240.198,,,Blink,[object Object],Chrome Mobile 86.0.4240.198 on Android 10,2021-05-09T02:46:28.919Z,直立,部屋の中,false,315.5,69.60000000000001,-22.1,3.2,8.8,5.6000000000000005,1.6,-0.6000000000000001,2.4000000000000004,-55.5,-131.5,15.299999999999999
Chrome Mobile,86.0.4240.198,,,Blink,[object Object],Chrome Mobile 86.0.4240.198 on Android 10,2021-05-09T02:46:29.121Z,直立,部屋の中,false,311.5,65.4,-46.7,-3.4000000000000004,10.4,6.5,-6.5,0.9,3.4000000000000004,31.3,-52.1,-9.2
Chrome Mobile,86.0.4240.198,,,Blink,[object Object],Chrome Mobile 86.0.4240.198 on Android 10,2021-05-09T02:46:29.321Z,直立,部屋の中,false,312.6,74.8,-35.800000000000004,3.7,10.4,-0.30000000000000004,2,0.1,-2.5,28.600000000000005,173.79999999999998,-56.10000000000001
Chrome Mobile,86.0.4240.198,,,Blink,[object Object],Chrome Mobile 86.0.4240.198 on Android 10,2021-05-09T02:46:29.522Z,直立,部屋の中,false,343.70000000000005,76.60000000000001,-48.2,9.3,8.1,-3.6,7.5,-1.7000000000000002,-5.1000000000000005,-8.600000000000001,-46,11.2
Chrome Mobile,86.0.4240.198,,,Blink,[object Object],Chrome Mobile 86.0.4240.198 on Android 10,2021-05-09T02:46:29.729Z,直立,部屋の中,false,320.20000000000005,65.10000000000001,-48.5,0.1,11.3,6.5,-3.7,2,4,-63.10000000000001,-122.90000000000002,12.200000000000001
Chrome Mobile,86.0.4240.198,,,Blink,[object Object],Chrome Mobile 86.0.4240.198 on Android 10,2021-05-09T02:46:29.943Z,直立,部屋の中,false,305.1,68.4,-34.2,-0.2,11.600000000000001,8.3,-2.6,2.1,5.1000000000000005,62.800000000000004,93.3,-10.200000000000001
Chrome Mobile,86.0.4240.198,,,Blink,[object Object],Chrome Mobile 86.0.4240.198 on Android 10,2021-05-09T02:46:30.149Z,直立,部屋の中,false,327.6,72.3,-22.6,6.7,7,0.4,5.6000000000000005,-2.7,-2.6,0,141.1,58.2
Chrome Mobile,86.0.4240.198,,,Blink,[object Object],Chrome Mobile 86.0.4240.198 on Android 10,2021-05-09T02:46:30.354Z,直立,部屋の中,false,326.1,72.4,-37.300000000000004,3.3000000000000003,6.800000000000001,4.6000000000000005,1.2000000000000002,-2.9000000000000004,2.3000000000000003,-27.6,-167.1,-29.300000000000004
Chrome Mobile,86.0.4240.198,,,Blink,[object Object],Chrome Mobile 86.0.4240.198 on Android 10,2021-05-09T02:46:30.558Z,直立,部屋の中,false,303.5,63.300000000000004,-43,-3.3000000000000003,13.4,8.200000000000001,-7,4.2,4.5,-17.1,-72.80000000000001,0.4
Chrome Mobile,86.0.4240.198,,,Blink,[object Object],Chrome Mobile 86.0.4240.198 on Android 10,2021-05-09T02:46:30.759Z,直立,部屋の中,false,304.2,73.4,-26.8,0.7000000000000001,6.6000000000000005,7.5,-1.8,-3.3000000000000003,3.6,30.9,180.2,10.1
Chrome Mobile,86.0.4240.198,,,Blink,[object Object],Chrome Mobile 86.0.4240.198 on Android 10,2021-05-09T02:46:30.960Z,直立,部屋の中,false,334.40000000000003,71.7,-28.900000000000002,12.700000000000001,11.4,2,11.100000000000001,1.7000000000000002,-0.8,1,22.000000000000004,-9
Chrome Mobile,86.0.4240.198,,,Blink,[object Object],Chrome Mobile 86.0.4240.198 on Android 10,2021-05-09T02:46:31.161Z,直立,部屋の中,false,306.6,66.8,-17,1,7.2,2.5,-0.1,-2.3000000000000003,-1.3,-63.70000000000001,-122.10000000000002,-35.3
Chrome Mobile,86.0.4240.198,,,Blink,[object Object],Chrome Mobile 86.0.4240.198 on Android 10,2021-05-09T02:46:31.361Z,直立,部屋の中,false,302.1,59.2,-32.9,-4.6000000000000005,11.700000000000001,9.4,-7.5,2.9000000000000004,5.1000000000000005,-30.5,13.8,0
Chrome Mobile,86.0.4240.198,,,Blink,[object Object],Chrome Mobile 86.0.4240.198 on Android 10,2021-05-09T02:46:31.566Z,直立,部屋の中,false,304.90000000000003,68.2,-14,0.30000000000000004,6.5,5,-0.7000000000000001,-3,1.3,30.9,155.1,15.100000000000001
Chrome Mobile,86.0.4240.198,,,Blink,[object Object],Chrome Mobile 86.0.4240.198 on Android 10,2021-05-09T02:46:31.767Z,直立,部屋の中,false,339.1,71.4,-33.7,9.5,8.3,-1.9000000000000001,7.4,-1.7000000000000002,-4.2,-6,-22.3,-36
Chrome Mobile,86.0.4240.198,,,Blink,[object Object],Chrome Mobile 86.0.4240.198 on Android 10,2021-05-09T02:46:31.970Z,直立,部屋の中,false,308.20000000000005,64.10000000000001,-30,-0.2,8.8,7.1000000000000005,-2.7,-0.7000000000000001,2.8000000000000003,-61.8,-185.20000000000002,17.7
Chrome Mobile,86.0.4240.198,,,Blink,[object Object],Chrome Mobile 86.0.4240.198 on Android 10,2021-05-09T02:46:32.178Z,直立,部屋の中,false,297.8,60.1,-35.300000000000004,-3,9.1,10.5,-6.300000000000001,0.5,6.9,65.10000000000001,115.9,-3.9
Chrome Mobile,86.0.4240.198,,,Blink,[object Object],Chrome Mobile 86.0.4240.198 on Android 10,2021-05-09T02:46:32.378Z,直立,部屋の中,false,310,66.4,-10,4.5,6.4,9.5,3.7,-3,5.300000000000001,2.2,135.20000000000002,61.8
Chrome Mobile,86.0.4240.198,,,Blink,[object Object],Chrome Mobile 86.0.4240.198 on Android 10,2021-05-09T02:46:32.579Z,直立,部屋の中,false,314.70000000000005,64.7,-16.3,5.300000000000001,7.7,5.7,4.1000000000000005,-1.6,1.5,-49.4,-104.60000000000001,-49
Chrome Mobile,86.0.4240.198,,,Blink,[object Object],Chrome Mobile 86.0.4240.198 on Android 10,2021-05-09T02:46:32.780Z,直立,部屋の中,false,296.6,56,-25.8,-2.2,8.9,8.4,-4.7,0.4,3.2,-40.6,-99.2,-14.400000000000002
Chrome Mobile,86.0.4240.198,,,Blink,[object Object],Chrome Mobile 86.0.4240.198 on Android 10,2021-05-09T02:46:32.981Z,直立,部屋の中,false,290.90000000000003,60.2,-15.3,-1.9000000000000001,8.9,6.6000000000000005,-3.5,-0.2,1.5,58.60000000000001,118.40000000000002,-15.8
Chrome Mobile,86.0.4240.198,,,Blink,[object Object],Chrome Mobile 86.0.4240.198 on Android 10,2021-05-09T02:46:33.182Z,直立,部屋の中,false,315,65.60000000000001,-11.9,14.9,11.200000000000001,1.6,14.600000000000001,2,-3,50.1,36.8,61.9
Chrome Mobile,86.0.4240.198,,,Blink,[object Object],Chrome Mobile 86.0.4240.198 on Android 10,2021-05-09T02:46:33.383Z,直立,部屋の中,false,313.90000000000003,63.300000000000004,-22.400000000000002,1.6,7.9,5,0.5,-1.1,0.2,-57.49999999999999,-124.50000000000001,-2.7
Chrome Mobile,86.0.4240.198,,,Blink,[object Object],Chrome Mobile 86.0.4240.198 on Android 10,2021-05-09T02:46:33.590Z,直立,部屋の中,false,305.8,55.300000000000004,-32.9,-4.800000000000001,12.8,7.1000000000000005,-7.9,4.4,2.2,12.200000000000001,5.7,15.399999999999999
Chrome Mobile,86.0.4240.198,,,Blink,[object Object],Chrome Mobile 86.0.4240.198 on Android 10,2021-05-09T02:46:33.790Z,直立,部屋の中,false,316.90000000000003,62.1,-13.600000000000001,5.6000000000000005,9.200000000000001,6.4,4.4,0.1,1.6,108.2,123.30000000000003,45.9
Chrome Mobile,86.0.4240.198,,,Blink,[object Object],Chrome Mobile 86.0.4240.198 on Android 10,2021-05-09T02:46:33.991Z,直立,部屋の中,false,328.90000000000003,67.60000000000001,-19.200000000000003,5,6.1000000000000005,3.3000000000000003,4,-3.3000000000000003,-0.9,-33.400000000000006,-95.9,-32.5
Chrome Mobile,86.0.4240.198,,,Blink,[object Object],Chrome Mobile 86.0.4240.198 on Android 10,2021-05-09T02:46:34.195Z,直立,部屋の中,false,315.40000000000003,60,-35.2,0.2,9.8,7.2,-2.8000000000000003,1,2.9000000000000004,-51,-128.9,0.4
Chrome Mobile,86.0.4240.198,,,Blink,[object Object],Chrome Mobile 86.0.4240.198 on Android 10,2021-05-09T02:46:34.402Z,直立,部屋の中,false,309.3,66.4,-35.4,-3.2,10.3,8.1,-5.9,0.9,3.8000000000000003,75.9,74,-48.400000000000006
Chrome Mobile,86.0.4240.198,,,Blink,[object Object],Chrome Mobile 86.0.4240.198 on Android 10,2021-05-09T02:46:34.602Z,直立,部屋の中,false,317.6,74,-16.8,10.3,9,2.2,9.5,-0.8,-0.7000000000000001,-25.1,77.1,17.200000000000003
Chrome Mobile,86.0.4240.198,,,Blink,[object Object],Chrome Mobile 86.0.4240.198 on Android 10,2021-05-09T02:46:34.803Z,直立,部屋の中,false,316.20000000000005,65.7,-20.8,0.8,8.3,4.6000000000000005,0.9,-0.8,0.7000000000000001,-60.7,-106.1,-3.6000000000000005
Chrome Mobile,86.0.4240.198,,,Blink,[object Object],Chrome Mobile 86.0.4240.198 on Android 10,2021-05-09T02:46:35.004Z,直立,部屋の中,false,307.3,57.5,-30.1,-4,11.100000000000001,7.800000000000001,-6.800000000000001,2.4000000000000004,3.1,30.599999999999998,-3.6000000000000005,-7.1000000000000005
Chrome Mobile,86.0.4240.198,,,Blink,[object Object],Chrome Mobile 86.0.4240.198 on Android 10,2021-05-09T02:46:35.205Z,直立,部屋の中,false,302.90000000000003,64.9,-12.600000000000001,2.2,9.3,9.8,1.3,0,5.5,-60.5,152.4,-2
Chrome Mobile,86.0.4240.198,,,Blink,[object Object],Chrome Mobile 86.0.4240.198 on Android 10,2021-05-09T02:46:35.405Z,直立,部屋の中,false,324.40000000000003,70.9,-21.8,8.1,8.6,-1.5,6.9,-1,-4.4,0.7,-74.10000000000001,20.2
Chrome Mobile,86.0.4240.198,,,Blink,[object Object],Chrome Mobile 86.0.4240.198 on Android 10,2021-05-09T02:46:35.606Z,直立,部屋の中,false,312.5,62.300000000000004,-35.9,-1.9000000000000001,8.9,5.800000000000001,-4.6000000000000005,-0.2,1.9000000000000001,-14.900000000000002,-149.3,21.8
Chrome Mobile,86.0.4240.198,,,Blink,[object Object],Chrome Mobile 86.0.4240.198 on Android 10,2021-05-09T02:46:35.810Z,直立,部屋の中,false,289.1,62.2,-14.200000000000001,-0.30000000000000004,10.9,6,-1.7000000000000002,1.5,1.4000000000000001,18,109.60000000000001,-44.00000000000001
Chrome Mobile,86.0.4240.198,,,Blink,[object Object],Chrome Mobile 86.0.4240.198 on Android 10,2021-05-09T02:46:36.022Z,直立,部屋の中,false,300.3,70.10000000000001,-3.6,5.800000000000001,6.2,2.9000000000000004,5.800000000000001,-3.6,-0.6000000000000001,22.9,71.39999999999999,17
Chrome Mobile,86.0.4240.198,,,Blink,[object Object],Chrome Mobile 86.0.4240.198 on Android 10,2021-05-09T02:46:36.229Z,直立,部屋の中,false,317.1,61.400000000000006,-28.6,1.8,9.8,4.5,-0.30000000000000004,0.7000000000000001,0.30000000000000004,-58,-96.20000000000002,46.50000000000001
Chrome Mobile,86.0.4240.198,,,Blink,[object Object],Chrome Mobile 86.0.4240.198 on Android 10,2021-05-09T02:46:36.430Z,直立,部屋の中,false,309.1,59.6,-30.900000000000002,-3.8000000000000003,9.8,7.9,-6.6000000000000005,0.9,3.4000000000000004,52.7,15.299999999999999,-29.800000000000004
Chrome Mobile,86.0.4240.198,,,Blink,[object Object],Chrome Mobile 86.0.4240.198 on Android 10,2021-05-09T02:46:36.631Z,直立,部屋の中,false,297.8,67.2,-2.8000000000000003,2.2,7.7,8.3,2,-1.8,4.3,2.1,106.4,-10.299999999999999
Chrome Mobile,86.0.4240.198,,,Blink,[object Object],Chrome Mobile 86.0.4240.198 on Android 10,2021-05-09T02:46:36.831Z,直立,部屋の中,false,314.70000000000005,67.4,-14.700000000000001,6,8.1,0.9,4.7,-1,-2.6,-82.10000000000001,-74.5,29.200000000000003
Chrome Mobile,86.0.4240.198,,,Blink,[object Object],Chrome Mobile 86.0.4240.198 on Android 10,2021-05-09T02:46:37.032Z,直立,部屋の中,false,307.8,54.800000000000004,-30.1,-0.6000000000000001,11,10.4,-4.3,2.2,5.2,-21,-72.50000000000001,-47.7
Chrome Mobile,86.0.4240.198,,,Blink,[object Object],Chrome Mobile 86.0.4240.198 on Android 10,2021-05-09T02:46:37.233Z,直立,部屋の中,false,303.5,68.3,-30.5,-0.4,9.200000000000001,5.9,-2.3000000000000003,-0.7000000000000001,2.1,36.1,131,-47.60000000000001
Chrome Mobile,86.0.4240.198,,,Blink,[object Object],Chrome Mobile 86.0.4240.198 on Android 10,2021-05-09T02:46:37.440Z,直立,部屋の中,false,315.20000000000005,73.8,-18.400000000000002,12.700000000000001,10.600000000000001,0.1,11.200000000000001,0.7000000000000001,-0.7000000000000001,51.300000000000004,-3.4,31.799999999999997
Chrome Mobile,86.0.4240.198,,,Blink,[object Object],Chrome Mobile 86.0.4240.198 on Android 10,2021-05-09T02:46:37.643Z,直立,部屋の中,false,318.5,69.8,-35.800000000000004,2.5,8.6,4.3,0.5,-1,1.4000000000000001,-52.80000000000001,-134.5,8.8
Chrome Mobile,86.0.4240.198,,,Blink,[object Object],Chrome Mobile 86.0.4240.198 on Android 10,2021-05-09T02:46:37.843Z,直立,部屋の中,false,303.3,64.60000000000001,-40.400000000000006,-5.2,11.100000000000001,7.1000000000000005,-8.1,1.9000000000000001,3.7,18.700000000000003,17.1,-16
Chrome Mobile,86.0.4240.198,,,Blink,[object Object],Chrome Mobile 86.0.4240.198 on Android 10,2021-05-09T02:46:38.044Z,直立,部屋の中,false,310.90000000000003,73.8,-22.8,4.6000000000000005,9.3,7,3.6,-0.5,4.3,54.4,167.60000000000002,23.5
Chrome Mobile,86.0.4240.198,,,Blink,[object Object],Chrome Mobile 86.0.4240.198 on Android 10,2021-05-09T02:46:38.245Z,直立,部屋の中,false,322.70000000000005,75.5,-20.8,8.1,7.6000000000000005,-0.4,7.1000000000000005,-2.4000000000000004,-2.6,-38.60000000000001,-78.60000000000001,-51.2
Chrome Mobile,86.0.4240.198,,,Blink,[object Object],Chrome Mobile 86.0.4240.198 on Android 10,2021-05-09T02:46:38.445Z,直立,部屋の中,false,295.5,64.10000000000001,-30.400000000000002,-0.30000000000000004,10.3,6.6000000000000005,-2.5,1.2000000000000002,3,-71.7,-161.8,22.9
Chrome Mobile,86.0.4240.198,,,Blink,[object Object],Chrome Mobile 86.0.4240.198 on Android 10,2021-05-09T02:46:38.646Z,直立,部屋の中,false,290.90000000000003,67.5,-28.1,-1.9000000000000001,9.700000000000001,7.6000000000000005,-3.6,0,3.8000000000000003,88.00000000000001,110.80000000000001,-15.8
Chrome Mobile,86.0.4240.198,,,Blink,[object Object],Chrome Mobile 86.0.4240.198 on Android 10,2021-05-09T02:46:38.847Z,直立,部屋の中,false,311.5,75.2,-16.400000000000002,8.4,8.5,3.9000000000000004,9,-0.9,1.1,22.3,109.50000000000001,52.300000000000004
Chrome Mobile,86.0.4240.198,,,Blink,[object Object],Chrome Mobile 86.0.4240.198 on Android 10,2021-05-09T02:46:39.054Z,直立,部屋の中,false,299.1,69.4,-14.5,3.2,7.800000000000001,8.8,2.7,-1.6,4.4,-49.4,-191.70000000000002,-48.9
Chrome Mobile,86.0.4240.198,,,Blink,[object Object],Chrome Mobile 86.0.4240.198 on Android 10,2021-05-09T02:46:39.255Z,直立,部屋の中,false,291.2,64.7,-44.2,-7.2,9.3,10.100000000000001,-9.600000000000001,0.1,6.9,-63,-1.7,-10.5
Chrome Mobile,86.0.4240.198,,,Blink,[object Object],Chrome Mobile 86.0.4240.198 on Android 10,2021-05-09T02:46:39.455Z,直立,部屋の中,false,296.90000000000003,71.10000000000001,-39.7,2,10.3,4.2,-0.2,0.4,1.7000000000000002,63.500000000000014,151.20000000000002,-31
Chrome Mobile,86.0.4240.198,,,Blink,[object Object],Chrome Mobile 86.0.4240.198 on Android 10,2021-05-09T02:46:39.661Z,直立,部屋の中,false,331.40000000000003,77.2,-45.300000000000004,8.3,7,-0.1,6.800000000000001,-3.1,-1.8,23.5,50.2,38.900000000000006
Chrome Mobile,86.0.4240.198,,,Blink,[object Object],Chrome Mobile 86.0.4240.198 on Android 10,2021-05-09T02:46:39.864Z,直立,部屋の中,false,323,67.7,-55.400000000000006,6.4,8.9,6.6000000000000005,3.1,-0.5,4.800000000000001,-75.3,-158.6,-7.400000000000001
Chrome Mobile,86.0.4240.198,,,Blink,[object Object],Chrome Mobile 86.0.4240.198 on Android 10,2021-05-09T02:46:40.066Z,直立,部屋の中,false,305.6,60.7,-66,-5.6000000000000005,11.8,9,-10.600000000000001,2.8000000000000003,7.4,-86.4,35.699999999999996,-25.7
Chrome Mobile,86.0.4240.198,,,Blink,[object Object],Chrome Mobile 86.0.4240.198 on Android 10,2021-05-09T02:46:40.267Z,直立,部屋の中,false,302.3,70.4,-37.5,1.8,6,6.9,-0.4,-3.8000000000000003,4.2,91,188.10000000000002,9.4
Chrome Mobile,86.0.4240.198,,,Blink,[object Object],Chrome Mobile 86.0.4240.198 on Android 10,2021-05-09T02:46:40.467Z,直立,部屋の中,false,340.6,72.7,-48.300000000000004,11.600000000000001,9.1,-2.3000000000000003,9.3,-0.8,-4.4,-23.900000000000006,-1.2000000000000002,-39.9
Chrome Mobile,86.0.4240.198,,,Blink,[object Object],Chrome Mobile 86.0.4240.198 on Android 10,2021-05-09T02:46:40.668Z,直立,部屋の中,false,299.6,68.3,-30.3,0.4,8.3,6.300000000000001,-1.6,-1.2000000000000002,3,-47.400000000000006,-169.2,-19.700000000000003
Chrome Mobile,86.0.4240.198,,,Blink,[object Object],Chrome Mobile 86.0.4240.198 on Android 10,2021-05-09T02:46:40.874Z,直立,部屋の中,false,276.3,63.900000000000006,-28,-7.6000000000000005,9.8,11,-9.5,0.6000000000000001,7,15.399999999999999,72,0.9000000000000001
Chrome Mobile,86.0.4240.198,,,Blink,[object Object],Chrome Mobile 86.0.4240.198 on Android 10,2021-05-09T02:46:41.077Z,直立,部屋の中,false,299.90000000000003,71.60000000000001,-16.6,3.8000000000000003,6.300000000000001,3.7,2.5,-3.6,1.1,-12.5,205.20000000000002,33.6
Chrome Mobile,86.0.4240.198,,,Blink,[object Object],Chrome Mobile 86.0.4240.198 on Android 10,2021-05-09T02:46:41.278Z,直立,部屋の中,false,323.20000000000005,69.4,-30.400000000000002,9,8.5,1.2000000000000002,6.800000000000001,-1.3,-1,-68.1,-60.2,-86.60000000000001
Chrome Mobile,86.0.4240.198,,,Blink,[object Object],Chrome Mobile 86.0.4240.198 on Android 10,2021-05-09T02:46:41.480Z,直立,部屋の中,false,288.1,65,-25.400000000000002,-4,8.6,8.9,-5.9,-0.5,4.9,-47.400000000000006,-102,-13.900000000000002
Chrome Mobile,86.0.4240.198,,,Blink,[object Object],Chrome Mobile 86.0.4240.198 on Android 10,2021-05-09T02:46:41.681Z,直立,部屋の中,false,283.90000000000003,69.10000000000001,-20.1,-1.5,10.600000000000001,8.700000000000001,-2.8000000000000003,1,5.2,59.20000000000001,148.70000000000002,6.300000000000001
Chrome Mobile,86.0.4240.198,,,Blink,[object Object],Chrome Mobile 86.0.4240.198 on Android 10,2021-05-09T02:46:41.882Z,直立,部屋の中,false,313.5,74.7,-18.400000000000002,11,9.8,0,10.100000000000001,0,-2.6,-34.1,141.9,16.4
Chrome Mobile,86.0.4240.198,,,Blink,[object Object],Chrome Mobile 86.0.4240.198 on Android 10,2021-05-09T02:46:42.092Z,直立,部屋の中,false,291.90000000000003,69,0.5,1,7.300000000000001,3.7,0.8,-2.4000000000000004,0.30000000000000004,19.5,-192.8,-24.7
Chrome Mobile,86.0.4240.198,,,Blink,[object Object],Chrome Mobile 86.0.4240.198 on Android 10,2021-05-09T02:46:42.298Z,直立,部屋の中,false,284,62.400000000000006,-25.400000000000002,-6,12,9.600000000000001,-8.5,3,5.800000000000001,-67.2,-42.400000000000006,7.9
Chrome Mobile,86.0.4240.198,,,Blink,[object Object],Chrome Mobile 86.0.4240.198 on Android 10,2021-05-09T02:46:42.503Z,直立,部屋の中,false,288.40000000000003,70.9,-10.5,0.4,6.7,4.3,-0.30000000000000004,-3.1,1.1,53.400000000000006,165.3,22.3
Chrome Mobile,86.0.4240.198,,,Blink,[object Object],Chrome Mobile 86.0.4240.198 on Android 10,2021-05-09T02:46:42.704Z,直立,部屋の中,false,329.20000000000005,75.3,-30.3,9.600000000000001,8.6,-2.6,8.5,-1.3,-4.9,-37.9,-12.8,-53.7
Chrome Mobile,86.0.4240.198,,,Blink,[object Object],Chrome Mobile 86.0.4240.198 on Android 10,2021-05-09T02:46:42.905Z,直立,部屋の中,false,297.1,67.5,-21.8,-1.7000000000000002,8.700000000000001,6.300000000000001,-3.2,-0.7000000000000001,2.7,-29,-151.20000000000002,3.9
Chrome Mobile,86.0.4240.198,,,Blink,[object Object],Chrome Mobile 86.0.4240.198 on Android 10,2021-05-09T02:46:43.106Z,直立,部屋の中,false,289,64.9,-18.5,-1,9.9,6.6000000000000005,-2.6,0.8,2.7,68.60000000000001,129.20000000000002,18.900000000000002
Chrome Mobile,86.0.4240.198,,,Blink,[object Object],Chrome Mobile 86.0.4240.198 on Android 10,2021-05-09T02:46:43.307Z,直立,部屋の中,false,329.3,72.8,-29.5,11.100000000000001,10.200000000000001,-2.1,9.3,0.2,-5.1000000000000005,39.400000000000006,61.9,45.6
Chrome Mobile,86.0.4240.198,,,Blink,[object Object],Chrome Mobile 86.0.4240.198 on Android 10,2021-05-09T02:46:43.507Z,直立,部屋の中,false,313.1,71,-25.5,3.1,7.800000000000001,4.1000000000000005,1.4000000000000001,-2,1.1,-22.8,-164.20000000000002,-51.4
Chrome Mobile,86.0.4240.198,,,Blink,[object Object],Chrome Mobile 86.0.4240.198 on Android 10,2021-05-09T02:46:43.708Z,直立,部屋の中,false,292.8,64.4,-31.6,-4.1000000000000005,10.5,6.1000000000000005,-6.7,1.3,2.5,-36.5,-60.5,10.200000000000001
Chrome Mobile,86.0.4240.198,,,Blink,[object Object],Chrome Mobile 86.0.4240.198 on Android 10,2021-05-09T02:46:43.914Z,直立,部屋の中,false,298.3,68.9,-15,0.2,6.2,5.4,-0.2,-3.3000000000000003,1.1,55.7,181.3,44.10000000000001
Chrome Mobile,86.0.4240.198,,,Blink,[object Object],Chrome Mobile 86.0.4240.198 on Android 10,2021-05-09T02:46:44.115Z,直立,部屋の中,false,316.20000000000005,67.60000000000001,-22.700000000000003,8.1,7.9,2.4000000000000004,6.7,-1.6,-1.3,-63.500000000000014,-95.30000000000001,-70.2
Chrome Mobile,86.0.4240.198,,,Blink,[object Object],Chrome Mobile 86.0.4240.198 on Android 10,2021-05-09T02:46:44.315Z,直立,部屋の中,false,293.5,62.5,-32.1,-2.3000000000000003,9,8.3,-4.9,0,4.2,-48.10000000000001,-124.7,8.700000000000001
Chrome Mobile,86.0.4240.198,,,Blink,[object Object],Chrome Mobile 86.0.4240.198 on Android 10,2021-05-09T02:46:44.516Z,直立,部屋の中,false,290.5,62.400000000000006,-29.6,-0.5,9.200000000000001,8.5,-2.7,0,4.3,74.7,113.8,6.699999999999999
Chrome Mobile,86.0.4240.198,,,Blink,[object Object],Chrome Mobile 86.0.4240.198 on Android 10,2021-05-09T02:46:44.716Z,直立,部屋の中,false,316.6,68.5,-21.400000000000002,10.700000000000001,8.9,2,9.600000000000001,-0.6000000000000001,-2.2,85,70.8,49.9
Chrome Mobile,86.0.4240.198,,,Blink,[object Object],Chrome Mobile 86.0.4240.198 on Android 10,2021-05-09T02:46:44.917Z,直立,部屋の中,false,302.6,65.5,-19,4.800000000000001,6.7,7.1000000000000005,3.1,-2.6,3.5,-78.2,-141.8,-43.800000000000004
Chrome Mobile,86.0.4240.198,,,Blink,[object Object],Chrome Mobile 86.0.4240.198 on Android 10,2021-05-09T02:46:45.117Z,直立,部屋の中,false,288,55,-32.2,-2.8000000000000003,11.8,7.800000000000001,-6,3.5,2.9000000000000004,-22.3,-70.2,14.900000000000002
Chrome Mobile,86.0.4240.198,,,Blink,[object Object],Chrome Mobile 86.0.4240.198 on Android 10,2021-05-09T02:46:45.318Z,直立,部屋の中,false,287,62.6,-16.7,-0.1,7.5,4.3,-1.3,-1.8,-0.30000000000000004,44.5,192.1,-2.5
Chrome Mobile,86.0.4240.198,,,Blink,[object Object],Chrome Mobile 86.0.4240.198 on Android 10,2021-05-09T02:46:45.519Z,直立,部屋の中,false,322.6,69.9,-29.700000000000003,12.9,8.6,1.6,9.8,-1.5,-1.7000000000000002,-12.100000000000001,-6.699999999999999,-33.800000000000004
Chrome Mobile,86.0.4240.198,,,Blink,[object Object],Chrome Mobile 86.0.4240.198 on Android 10,2021-05-09T02:46:45.719Z,直立,部屋の中,false,300.2,63.2,-29.1,-0.4,9.600000000000001,8,-2.4000000000000004,0.4,4.1000000000000005,-55.3,-144.4,-21.8
Chrome Mobile,86.0.4240.198,,,Blink,[object Object],Chrome Mobile 86.0.4240.198 on Android 10,2021-05-09T02:46:45.920Z,直立,部屋の中,false,280.2,61.7,-26.900000000000002,-3.9000000000000004,11,7.300000000000001,-6.1000000000000005,2,2.7,42,65,-15.399999999999999
Chrome Mobile,86.0.4240.198,,,Blink,[object Object],Chrome Mobile 86.0.4240.198 on Android 10,2021-05-09T02:46:46.121Z,直立,部屋の中,false,296.7,69.9,-15.700000000000001,6.1000000000000005,7.6000000000000005,1.6,5.1000000000000005,-2,-1.8,-24.3,184.20000000000002,47.2
Chrome Mobile,86.0.4240.198,,,Blink,[object Object],Chrome Mobile 86.0.4240.198 on Android 10,2021-05-09T02:46:46.321Z,直立,部屋の中,false,309.8,69,-19.200000000000003,6.4,7.300000000000001,3.7,5.2,-2.4000000000000004,0.2,-57.400000000000006,-97.3,-85.80000000000001
Chrome Mobile,86.0.4240.198,,,Blink,[object Object],Chrome Mobile 86.0.4240.198 on Android 10,2021-05-09T02:46:46.522Z,直立,部屋の中,false,286.3,60.400000000000006,-30.3,-2.1,11.200000000000001,8.6,-4.4,2.4000000000000004,3.9000000000000004,-61.8,-97.2,-15.2
Chrome Mobile,86.0.4240.198,,,Blink,[object Object],Chrome Mobile 86.0.4240.198 on Android 10,2021-05-09T02:46:46.729Z,直立,部屋の中,false,281.8,64.9,-18.2,-0.1,7.9,1.5,-1.4000000000000001,-1.4000000000000001,-2.4000000000000004,40.9,144.10000000000002,12.100000000000001
Chrome Mobile,86.0.4240.198,,,Blink,[object Object],Chrome Mobile 86.0.4240.198 on Android 10,2021-05-09T02:46:46.934Z,直立,部屋の中,false,308.1,63.2,-16.7,8.5,8.9,7.6000000000000005,7.9,-0.1,2.7,31.9,66.1,60.2
Chrome Mobile,86.0.4240.198,,,Blink,[object Object],Chrome Mobile 86.0.4240.198 on Android 10,2021-05-09T02:46:47.135Z,直立,部屋の中,false,292.1,63.7,-13.5,1.2000000000000002,7.300000000000001,6.1000000000000005,0.4,-2,1.9000000000000001,-17.6,-147.1,-55.60000000000001
Chrome Mobile,86.0.4240.198,,,Blink,[object Object],Chrome Mobile 86.0.4240.198 on Android 10,2021-05-09T02:46:47.336Z,直立,部屋の中,false,272.40000000000003,61,-18.2,-7.300000000000001,10.3,10.200000000000001,-9,1.3,5.4,31.799999999999997,5.300000000000001,18
Chrome Mobile,86.0.4240.198,,,Blink,[object Object],Chrome Mobile 86.0.4240.198 on Android 10,2021-05-09T02:46:47.537Z,直立,部屋の中,false,278.7,73.7,-7.4,0,7.6000000000000005,2.7,-0.30000000000000004,-2.4000000000000004,-0.1,66.80000000000001,149.3,11.000000000000002
Chrome Mobile,86.0.4240.198,,,Blink,[object Object],Chrome Mobile 86.0.4240.198 on Android 10,2021-05-09T02:46:47.743Z,直立,部屋の中,false,324,74.10000000000001,-24.8,15.3,13.4,1.8,14.100000000000001,3.5,-0.8,-42.400000000000006,37.9,-18.4
Chrome Mobile,86.0.4240.198,,,Blink,[object Object],Chrome Mobile 86.0.4240.198 on Android 10,2021-05-09T02:46:47.944Z,直立,部屋の中,false,284,70.10000000000001,-4.6000000000000005,-0.30000000000000004,7.4,6,-0.6000000000000001,-2.2,2.5,-19.200000000000003,-163.10000000000002,-48.400000000000006
Chrome Mobile,86.0.4240.198,,,Blink,[object Object],Chrome Mobile 86.0.4240.198 on Android 10,2021-05-09T02:46:48.152Z,直立,部屋の中,false,265.6,67,-4.3,-7.9,8.9,8.4,-8.4,-0.8,4.6000000000000005,13.3,49.1,-17.5
Chrome Mobile,86.0.4240.198,,,Blink,[object Object],Chrome Mobile 86.0.4240.198 on Android 10,2021-05-09T02:46:48.353Z,直立,部屋の中,false,278,73.5,11.8,4.7,7.800000000000001,4.7,3.5,-2.6,1.8,20.400000000000002,111,111.20000000000002
Chrome Mobile,86.0.4240.198,,,Blink,[object Object],Chrome Mobile 86.0.4240.198 on Android 10,2021-05-09T02:46:48.554Z,直立,部屋の中,false,313.70000000000005,73.8,-12,5.4,8.200000000000001,2.8000000000000003,5,-1.7000000000000002,-0.7000000000000001,-19.300000000000004,-97.00000000000001,-63
Chrome Mobile,86.0.4240.198,,,Blink,[object Object],Chrome Mobile 86.0.4240.198 on Android 10,2021-05-09T02:46:48.756Z,直立,部屋の中,false,280.40000000000003,70.8,-8.1,-4.9,8.3,6.6000000000000005,-5.4,-1.3,3.3000000000000003,-16.1,-153.3,-22.5
Chrome Mobile,86.0.4240.198,,,Blink,[object Object],Chrome Mobile 86.0.4240.198 on Android 10,2021-05-09T02:46:48.956Z,直立,部屋の中,false,270.6,69.7,-4.3,-2.2,9.5,7.800000000000001,-2.8000000000000003,0.2,4,25.1,129.00000000000003,22.1
Chrome Mobile,86.0.4240.198,,,Blink,[object Object],Chrome Mobile 86.0.4240.198 on Android 10,2021-05-09T02:46:49.157Z,直立,部屋の中,false,311,70.7,-10.700000000000001,10.600000000000001,11.100000000000001,6,10.3,1.6,2.5,33.9,108.2,88.50000000000001
Chrome Mobile,86.0.4240.198,,,Blink,[object Object],Chrome Mobile 86.0.4240.198 on Android 10,2021-05-09T02:46:49.357Z,直立,部屋の中,false,308.90000000000003,70,-15.5,3.8000000000000003,7.5,4.6000000000000005,2.9000000000000004,-2,1.4000000000000001,-28.400000000000002,-159.3,-35.699999999999996
Chrome Mobile,86.0.4240.198,,,Blink,[object Object],Chrome Mobile 86.0.4240.198 on Android 10,2021-05-09T02:46:49.558Z,直立,部屋の中,false,277,62.5,-12.4,-7,9.5,8.700000000000001,-8.5,0.2,4.4,-35.4,-61.199999999999996,-58.60000000000001
Chrome Mobile,86.0.4240.198,,,Blink,[object Object],Chrome Mobile 86.0.4240.198 on Android 10,2021-05-09T02:46:49.759Z,直立,部屋の中,false,288.3,69.10000000000001,-6.4,0.7000000000000001,8,6.4,0.9,-1.5,3.1,16.4,188.10000000000002,56.7
Chrome Mobile,86.0.4240.198,,,Blink,[object Object],Chrome Mobile 86.0.4240.198 on Android 10,2021-05-09T02:46:49.960Z,直立,部屋の中,false,322.20000000000005,70,-21,10.5,9,1.7000000000000002,8.4,-0.9,-1.7000000000000002,-31.7,3.8,-63.599999999999994
Chrome Mobile,86.0.4240.198,,,Blink,[object Object],Chrome Mobile 86.0.4240.198 on Android 10,2021-05-09T02:46:50.160Z,直立,部屋の中,false,286.1,67.10000000000001,-11.8,-3.4000000000000004,8.4,7.5,-3.5,-0.9,3.3000000000000003,-16.8,-153.10000000000002,-41.1
Chrome Mobile,86.0.4240.198,,,Blink,[object Object],Chrome Mobile 86.0.4240.198 on Android 10,2021-05-09T02:46:50.361Z,直立,部屋の中,false,268.7,66.9,-7.7,-5.1000000000000005,10,6.9,-6.2,0.5,2.7,38.300000000000004,81.10000000000001,12.9
Chrome Mobile,86.0.4240.198,,,Blink,[object Object],Chrome Mobile 86.0.4240.198 on Android 10,2021-05-09T02:46:50.562Z,直立,部屋の中,false,295.6,74.9,-3,4.7,8.5,7.7,4.5,-1.3,5,58.3,123.00000000000001,82.3
Chrome Mobile,86.0.4240.198,,,Blink,[object Object],Chrome Mobile 86.0.4240.198 on Android 10,2021-05-09T02:46:50.762Z,直立,部屋の中,false,319.1,79,-27.200000000000003,4.800000000000001,8,3.2,3.9000000000000004,-2,1.6,-52.1,-118.00000000000001,-35.1
Chrome Mobile,86.0.4240.198,,,Blink,[object Object],Chrome Mobile 86.0.4240.198 on Android 10,2021-05-09T02:46:50.965Z,直立,部屋の中,false,297.8,71,-34.2,-4.4,11.100000000000001,5.1000000000000005,-6.2,1.6,2.4000000000000004,-31.400000000000002,-89.6,29.800000000000004
Chrome Mobile,86.0.4240.198,,,Blink,[object Object],Chrome Mobile 86.0.4240.198 on Android 10,2021-05-09T02:46:51.167Z,直立,部屋の中,false,288.7,74.2,-11.5,-1.6,8.700000000000001,5.7,-2.1,-1.5,2.9000000000000004,9.3,200.4,-19.400000000000002
Chrome Mobile,86.0.4240.198,,,Blink,[object Object],Chrome Mobile 86.0.4240.198 on Android 10,2021-05-09T02:46:51.368Z,直立,部屋の中,false,318.8,74.2,-12.600000000000001,13.3,11.4,1.5,12.200000000000001,1.4000000000000001,-2,-34.900000000000006,-6.600000000000001,-2.6
Chrome Mobile,86.0.4240.198,,,Blink,[object Object],Chrome Mobile 86.0.4240.198 on Android 10,2021-05-09T02:46:51.575Z,直立,部屋の中,false,291.3,71.8,-14,-1.1,5.800000000000001,9.700000000000001,-2.1,-4,3.9000000000000004,-40.800000000000004,-186.6,-24.900000000000002
Chrome Mobile,86.0.4240.198,,,Blink,[object Object],Chrome Mobile 86.0.4240.198 on Android 10,2021-05-09T02:46:51.776Z,直立,部屋の中,false,269.2,64.10000000000001,-15.5,-4.6000000000000005,12.200000000000001,7.2,-6.300000000000001,3.1,2.4000000000000004,52.80000000000001,45.3,6
Chrome Mobile,86.0.4240.198,,,Blink,[object Object],Chrome Mobile 86.0.4240.198 on Android 10,2021-05-09T02:46:51.978Z,直立,部屋の中,false,284.7,76.2,-2.6,3.1,8.4,4.1000000000000005,3,-1.5,1.5,31.099999999999998,168,41.300000000000004
Chrome Mobile,86.0.4240.198,,,Blink,[object Object],Chrome Mobile 86.0.4240.198 on Android 10,2021-05-09T02:46:52.179Z,直立,部屋の中,false,300.90000000000003,76,-14,5.9,7.7,-0.2,5.2,-2.2,-2.3000000000000003,-74.5,-77.9,-50.8
Chrome Mobile,86.0.4240.198,,,Blink,[object Object],Chrome Mobile 86.0.4240.198 on Android 10,2021-05-09T02:46:52.379Z,直立,部屋の中,false,281.8,66.10000000000001,-22.400000000000002,-4.4,10.200000000000001,6.5,-6,1,2.6,-34.50000000000001,-102.89999999999999,18.200000000000003
Chrome Mobile,86.0.4240.198,,,Blink,[object Object],Chrome Mobile 86.0.4240.198 on Android 10,2021-05-09T02:46:52.585Z,直立,部屋の中,false,283.3,71,-19.3,-2.8000000000000003,8.700000000000001,7.7,-3.7,-1.1,4.5,83.10000000000001,121.4,6.2
Chrome Mobile,86.0.4240.198,,,Blink,[object Object],Chrome Mobile 86.0.4240.198 on Android 10,2021-05-09T02:46:52.786Z,直立,部屋の中,false,306.7,76.60000000000001,-8.1,9.200000000000001,10.9,-0.5,8.1,0.30000000000000004,-2.6,12.4,88.10000000000001,31.3
Chrome Mobile,86.0.4240.198,,,Blink,[object Object],Chrome Mobile 86.0.4240.198 on Android 10,2021-05-09T02:46:52.990Z,直立,部屋の中,false,298.90000000000003,73.10000000000001,-4.7,4.2,7.4,5.800000000000001,4.1000000000000005,-2.2,2.7,-49.199999999999996,-174.5,-80.8
Chrome Mobile,86.0.4240.198,,,Blink,[object Object],Chrome Mobile 86.0.4240.198 on Android 10,2021-05-09T02:46:53.190Z,直立,部屋の中,false,275.40000000000003,60.300000000000004,-14.600000000000001,-6.300000000000001,10.200000000000001,7.6000000000000005,-7.5,1.3,2.8000000000000003,-52.2,-66.80000000000001,41.199999999999996
Chrome Mobile,86.0.4240.198,,,Blink,[object Object],Chrome Mobile 86.0.4240.198 on Android 10,2021-05-09T02:46:53.392Z,直立,部屋の中,false,282.90000000000003,64.2,-5.1000000000000005,1.7000000000000002,8.5,6,1.4000000000000001,-0.6000000000000001,1.3,120.2,112.60000000000001,67.10000000000001
Chrome Mobile,86.0.4240.198,,,Blink,[object Object],Chrome Mobile 86.0.4240.198 on Android 10,2021-05-09T02:46:53.592Z,直立,部屋の中,false,313.90000000000003,69.5,-12.100000000000001,11.8,10,2.3000000000000003,11,0.30000000000000004,-1.3,15.299999999999999,34.900000000000006,-2.7
Chrome Mobile,86.0.4240.198,,,Blink,[object Object],Chrome Mobile 86.0.4240.198 on Android 10,2021-05-09T02:46:53.793Z,直立,部屋の中,false,291,66.7,-13.600000000000001,0.30000000000000004,6.800000000000001,6.9,-0.9,-2.6,2.9000000000000004,-32,-176.10000000000002,-48
Chrome Mobile,86.0.4240.198,,,Blink,[object Object],Chrome Mobile 86.0.4240.198 on Android 10,2021-05-09T02:46:53.994Z,直立,部屋の中,false,272.7,62.5,-17,-7.800000000000001,9.5,8.1,-9,0.4,3.4000000000000004,38.400000000000006,23.900000000000006,-3.4
Chrome Mobile,86.0.4240.198,,,Blink,[object Object],Chrome Mobile 86.0.4240.198 on Android 10,2021-05-09T02:46:54.205Z,直立,部屋の中,false,283.6,71.4,5.2,4.5,10.5,6.7,5,0.7000000000000001,4,17.300000000000004,207.20000000000002,44.9
Chrome Mobile,86.0.4240.198,,,Blink,[object Object],Chrome Mobile 86.0.4240.198 on Android 10,2021-05-09T02:46:54.406Z,直立,部屋の中,false,306.40000000000003,76,-8.4,5.300000000000001,7.9,1.4000000000000001,5.9,-1.8,-2.2,-71.39999999999999,-95.80000000000001,-49.6
Chrome Mobile,86.0.4240.198,,,Blink,[object Object],Chrome Mobile 86.0.4240.198 on Android 10,2021-05-09T02:46:54.606Z,直立,部屋の中,false,284.1,65.5,-14.100000000000001,-3.1,10.3,6.4,-4.1000000000000005,1,2.3000000000000003,-38.2,-122.50000000000001,-13.399999999999999
Chrome Mobile,86.0.4240.198,,,Blink,[object Object],Chrome Mobile 86.0.4240.198 on Android 10,2021-05-09T02:46:54.807Z,直立,部屋の中,false,277.3,68.9,-8.6,-4.800000000000001,8.6,5.7,-5.5,-1,1.9000000000000001,40.6,132.4,3.4
Chrome Mobile,86.0.4240.198,,,Blink,[object Object],Chrome Mobile 86.0.4240.198 on Android 10,2021-05-09T02:46:55.013Z,直立,部屋の中,false,310.8,74.10000000000001,-12.8,9.8,10.3,2.8000000000000003,9.4,0.5,-0.5,42.5,101.80000000000001,38.900000000000006
Chrome Mobile,86.0.4240.198,,,Blink,[object Object],Chrome Mobile 86.0.4240.198 on Android 10,2021-05-09T02:46:55.214Z,直立,部屋の中,false,291.2,69.7,-3,1.1,6.5,10.4,0.6000000000000001,-3.4000000000000004,6.800000000000001,-4.1,-184.20000000000002,-82.3
Chrome Mobile,86.0.4240.198,,,Blink,[object Object],Chrome Mobile 86.0.4240.198 on Android 10,2021-05-09T02:46:55.415Z,直立,部屋の中,false,275.90000000000003,65,-20.1,-5.7,12,5.5,-7.2,2.6,1.3,-50.7,-62.4,34.7
Chrome Mobile,86.0.4240.198,,,Blink,[object Object],Chrome Mobile 86.0.4240.198 on Android 10,2021-05-09T02:46:55.618Z,直立,部屋の中,false,284,71.10000000000001,-11.700000000000001,1,8,8.200000000000001,-0.6000000000000001,-1.8,5.2,76.5,166.3,33.400000000000006
Chrome Mobile,86.0.4240.198,,,Blink,[object Object],Chrome Mobile 86.0.4240.198 on Android 10,2021-05-09T02:46:55.822Z,直立,部屋の中,false,317,73.9,-18.5,9.3,9.8,-3,9.4,0.2,-4.800000000000001,-6.1000000000000005,14.100000000000001,-35.3
Chrome Mobile,86.0.4240.198,,,Blink,[object Object],Chrome Mobile 86.0.4240.198 on Android 10,2021-05-09T02:46:56.022Z,直立,部屋の中,false,292.6,70.8,-19.5,-0.6000000000000001,6.7,9,-1.7000000000000002,-3,5.800000000000001,8.4,-205.90000000000003,-27.3
Chrome Mobile,86.0.4240.198,,,Blink,[object Object],Chrome Mobile 86.0.4240.198 on Android 10,2021-05-09T02:46:56.223Z,直立,部屋の中,false,279.1,63,-20,-5.9,11.600000000000001,8.9,-6.6000000000000005,2,4.6000000000000005,72.10000000000001,46.50000000000001,28.900000000000002
Chrome Mobile,86.0.4240.198,,,Blink,[object Object],Chrome Mobile 86.0.4240.198 on Android 10,2021-05-09T02:46:56.423Z,直立,部屋の中,false,291.2,76.4,-8.700000000000001,4.1000000000000005,8.1,1.3,3.7,-1.8,-1.4000000000000001,26.799999999999997,154.00000000000003,-2.4000000000000004
Chrome Mobile,86.0.4240.198,,,Blink,[object Object],Chrome Mobile 86.0.4240.198 on Android 10,2021-05-09T02:46:56.624Z,直立,部屋の中,false,305.5,72.4,-16.5,7.1000000000000005,9,-0.30000000000000004,6.2,-0.9,-2.7,-71,-72.30000000000001,-36
Chrome Mobile,86.0.4240.198,,,Blink,[object Object],Chrome Mobile 86.0.4240.198 on Android 10,2021-05-09T02:46:56.824Z,直立,部屋の中,false,288.90000000000003,63,-26.6,-0.4,9.8,7.2,-2.7,0.8,3.1,-34.60000000000001,-111.70000000000002,14
Chrome Mobile,86.0.4240.198,,,Blink,[object Object],Chrome Mobile 86.0.4240.198 on Android 10,2021-05-09T02:46:57.032Z,直立,部屋の中,false,294.90000000000003,66,-29.400000000000002,1.3,10.700000000000001,8.6,-0.8,1.4000000000000001,4.2,121.9,37.7,13.900000000000002
Chrome Mobile,86.0.4240.198,,,Blink,[object Object],Chrome Mobile 86.0.4240.198 on Android 10,2021-05-09T02:46:57.233Z,直立,部屋の中,false,314.40000000000003,72.2,-15.3,12.200000000000001,11.9,-2.4000000000000004,11.4,2.1,-5.4,24.400000000000002,111.4,-5.4
Chrome Mobile,86.0.4240.198,,,Blink,[object Object],Chrome Mobile 86.0.4240.198 on Android 10,2021-05-09T02:46:57.436Z,直立,部屋の中,false,289.90000000000003,66.7,-2.4000000000000004,1,6.800000000000001,6.6000000000000005,0.6000000000000001,-2.5,2.5,-16.4,-170.9,-11.2
Chrome Mobile,86.0.4240.198,,,Blink,[object Object],Chrome Mobile 86.0.4240.198 on Android 10,2021-05-09T02:46:57.637Z,直立,部屋の中,false,274.2,54,-12.600000000000001,-11.3,7.9,11.4,-12.700000000000001,-0.30000000000000004,5.5,-25.1,-13.8,-1.5
Chrome Mobile,86.0.4240.198,,,Blink,[object Object],Chrome Mobile 86.0.4240.198 on Android 10,2021-05-09T02:46:57.838Z,直立,部屋の中,false,275.8,62.1,4.9,0.30000000000000004,6.4,5.300000000000001,1,-2.7,0.4,64.30000000000001,152.3,42.7
Chrome Mobile,86.0.4240.198,,,Blink,[object Object],Chrome Mobile 86.0.4240.198 on Android 10,2021-05-09T02:46:58.039Z,直立,部屋の中,false,299.1,68.2,-4,6.2,7.2,1.1,5.5,-2.4000000000000004,-3,35.1,-35,-20.1
Chrome Mobile,86.0.4240.198,,,Blink,[object Object],Chrome Mobile 86.0.4240.198 on Android 10,2021-05-09T02:46:58.239Z,直立,部屋の中,false,291.1,64.60000000000001,-23,-0.2,10.100000000000001,6.5,-1.9000000000000001,0.9,2.4000000000000004,-15.6,-176.7,-11.1
Chrome Mobile,86.0.4240.198,,,Blink,[object Object],Chrome Mobile 86.0.4240.198 on Android 10,2021-05-09T02:46:58.440Z,直立,部屋の中,false,276.90000000000003,71.2,-24.5,-4.5,10.100000000000001,7.2,-5.800000000000001,0.1,3.9000000000000004,83.70000000000002,37.6,-19.300000000000004
Chrome Mobile,86.0.4240.198,,,Blink,[object Object],Chrome Mobile 86.0.4240.198 on Android 10,2021-05-09T02:46:58.641Z,直立,部屋の中,false,284,79.30000000000001,-1.9000000000000001,3.5,8.1,0.9,3.7,-2,-1,-29.200000000000003,157.5,6.4
Chrome Mobile,86.0.4240.198,,,Blink,[object Object],Chrome Mobile 86.0.4240.198 on Android 10,2021-05-09T02:46:58.847Z,直立,部屋の中,false,305.7,78.10000000000001,-17.2,6,8.5,1.7000000000000002,6.1000000000000005,-1.3,-1.1,-74.2,-71.7,-46.800000000000004
Chrome Mobile,86.0.4240.198,,,Blink,[object Object],Chrome Mobile 86.0.4240.198 on Android 10,2021-05-09T02:46:59.048Z,直立,部屋の中,false,284.2,66.7,-22,-4,10.8,8,-5.9,1.5,4.2,-56.9,-114.2,1.9
Chrome Mobile,86.0.4240.198,,,Blink,[object Object],Chrome Mobile 86.0.4240.198 on Android 10,2021-05-09T02:46:59.248Z,直立,部屋の中,false,281,72.5,-19.6,-2.5,8.200000000000001,6.300000000000001,-3.5,-1.7000000000000002,3.4000000000000004,54,129.5,-24
Chrome Mobile,86.0.4240.198,,,Blink,[object Object],Chrome Mobile 86.0.4240.198 on Android 10,2021-05-09T02:46:59.449Z,直立,部屋の中,false,299.3,70.4,-5.9,11.4,11.3,9.700000000000001,11.9,2.2,6,24.200000000000003,49.300000000000004,73.7
Chrome Mobile,86.0.4240.198,,,Blink,[object Object],Chrome Mobile 86.0.4240.198 on Android 10,2021-05-09T02:46:59.651Z,直立,部屋の中,false,292.3,69.8,-7.2,2.7,7.1000000000000005,6.9,1.7000000000000002,-2.7,4,-49.800000000000004,-152.1,-71.5
Chrome Mobile,86.0.4240.198,,,Blink,[object Object],Chrome Mobile 86.0.4240.198 on Android 10,2021-05-09T02:46:59.851Z,直立,部屋の中,false,275.8,63,-21.400000000000002,-7.5,11.3,6.800000000000001,-9,2,3,-7.500000000000001,-28.3,26.000000000000004
Chrome Mobile,86.0.4240.198,,,Blink,[object Object],Chrome Mobile 86.0.4240.198 on Android 10,2021-05-09T02:47:00.057Z,直立,部屋の中,false,281,71.10000000000001,-11.4,0.6000000000000001,8.1,5.6000000000000005,-0.5,-1.8,3.1,80.50000000000001,162,13.6
Chrome Mobile,86.0.4240.198,,,Blink,[object Object],Chrome Mobile 86.0.4240.198 on Android 10,2021-05-09T02:47:00.264Z,直立,部屋の中,false,308.5,74.7,-13.100000000000001,12.4,10.700000000000001,2,11.8,0.9,-0.6000000000000001,-51.2,33.2,-27
Chrome Mobile,86.0.4240.198,,,Blink,[object Object],Chrome Mobile 86.0.4240.198 on Android 10,2021-05-09T02:47:00.469Z,直立,部屋の中,false,287.1,70.10000000000001,-13.8,-2,8.1,4.9,-3,-1.3,1.7000000000000002,-45.5,-160.10000000000002,-5.1000000000000005
Chrome Mobile,86.0.4240.198,,,Blink,[object Object],Chrome Mobile 86.0.4240.198 on Android 10,2021-05-09T02:47:00.670Z,直立,部屋の中,false,270.6,67.8,-12.200000000000001,-6.2,8.5,5.2,-6.6000000000000005,-1,1.4000000000000001,67.00000000000001,79.3,-0.8
Chrome Mobile,86.0.4240.198,,,Blink,[object Object],Chrome Mobile 86.0.4240.198 on Android 10,2021-05-09T02:47:00.872Z,直立,部屋の中,false,286.3,75,3.3000000000000003,4.1000000000000005,8.6,1.4000000000000001,4.4,-1.2000000000000002,-0.9,-51.1,224.2,17.7
Chrome Mobile,86.0.4240.198,,,Blink,[object Object],Chrome Mobile 86.0.4240.198 on Android 10,2021-05-09T02:47:01.072Z,直立,部屋の中,false,299.7,74.8,-5.4,5.300000000000001,7.5,2.2,4.7,-2.4000000000000004,0.1,-29.600000000000005,-113.89999999999999,-38.50000000000001
Chrome Mobile,86.0.4240.198,,,Blink,[object Object],Chrome Mobile 86.0.4240.198 on Android 10,2021-05-09T02:47:01.273Z,直立,部屋の中,false,293.5,64.3,-32.2,-2.6,11.4,7.4,-5.4,1.7000000000000002,3.3000000000000003,-38.400000000000006,-112.9,59.5
Chrome Mobile,86.0.4240.198,,,Blink,[object Object],Chrome Mobile 86.0.4240.198 on Android 10,2021-05-09T02:47:01.474Z,直立,部屋の中,false,290.3,66.4,-23.1,0.8,9.8,4.6000000000000005,-1.2000000000000002,0.6000000000000001,1.3,66.4,173.6,-17.300000000000004
Chrome Mobile,86.0.4240.198,,,Blink,[object Object],Chrome Mobile 86.0.4240.198 on Android 10,2021-05-09T02:47:01.675Z,直立,部屋の中,false,339.3,75.8,-40.400000000000006,10.3,8.700000000000001,-1,8,-1.6,-3.2,64.2,53.599999999999994,72.10000000000001
Chrome Mobile,86.0.4240.198,,,Blink,[object Object],Chrome Mobile 86.0.4240.198 on Android 10,2021-05-09T02:47:01.875Z,直立,部屋の中,false,324.90000000000003,72.3,-35.7,5,8.1,5.800000000000001,3.7,-1.6,2.8000000000000003,-84.5,-153.20000000000002,-91.50000000000001
Chrome Mobile,86.0.4240.198,,,Blink,[object Object],Chrome Mobile 86.0.4240.198 on Android 10,2021-05-09T02:47:02.079Z,直立,部屋の中,false,285.1,66.2,-30,-5.9,11.5,8.4,-8,2.2,5,-50.2,-72.30000000000001,7
Chrome Mobile,86.0.4240.198,,,Blink,[object Object],Chrome Mobile 86.0.4240.198 on Android 10,2021-05-09T02:47:02.283Z,直立,部屋の中,false,290.3,73.7,-14.700000000000001,0.8,8,5.7,0.6000000000000001,-1.8,4.1000000000000005,23.2,186.4,21
Chrome Mobile,86.0.4240.198,,,Blink,[object Object],Chrome Mobile 86.0.4240.198 on Android 10,2021-05-09T02:47:02.483Z,直立,部屋の中,false,351.20000000000005,70.9,-54.400000000000006,14.700000000000001,10.5,3.7,12.600000000000001,1.2000000000000002,2.7,2.2,-63.599999999999994,-22.2
Chrome Mobile,86.0.4240.198,,,Blink,[object Object],Chrome Mobile 86.0.4240.198 on Android 10,2021-05-09T02:47:02.684Z,直立,部屋の中,false,316.5,72.10000000000001,-37.2,-1,8.200000000000001,3.9000000000000004,-2.5,-1.6,1.3,-59.80000000000001,-124,-32.6
Chrome Mobile,86.0.4240.198,,,Blink,[object Object],Chrome Mobile 86.0.4240.198 on Android 10,2021-05-09T02:47:02.889Z,直立,部屋の中,false,298.2,63.6,-36.6,-2.7,10.5,4.6000000000000005,-5.5,1.4000000000000001,0.9,-35.599999999999994,10.4,36.7
Chrome Mobile,86.0.4240.198,,,Blink,[object Object],Chrome Mobile 86.0.4240.198 on Android 10,2021-05-09T02:47:03.092Z,直立,部屋の中,false,297.2,66.5,-13.4,4.4,8.4,8.5,2.1,-1.2000000000000002,4.1000000000000005,38,204.4,17.300000000000004
Chrome Mobile,86.0.4240.198,,,Blink,[object Object],Chrome Mobile 86.0.4240.198 on Android 10,2021-05-09T02:47:03.294Z,直立,部屋の中,false,320.6,74.60000000000001,-23.5,8,7,-2.4000000000000004,6.9,-2.9000000000000004,-4.800000000000001,-26.9,-72.30000000000001,-23
Chrome Mobile,86.0.4240.198,,,Blink,[object Object],Chrome Mobile 86.0.4240.198 on Android 10,2021-05-09T02:47:03.495Z,直立,部屋の中,false,292.6,63.1,-28.6,0.30000000000000004,9.8,11.4,-2.1,0.6000000000000001,7.6000000000000005,-68.80000000000001,-172.70000000000002,-34.7
Chrome Mobile,86.0.4240.198,,,Blink,[object Object],Chrome Mobile 86.0.4240.198 on Android 10,2021-05-09T02:47:03.696Z,直立,部屋の中,false,283,65.7,-31.1,-4.2,10.700000000000001,8.8,-6.2,1.4000000000000001,5.6000000000000005,34.1,73.8,-6.699999999999999
Chrome Mobile,86.0.4240.198,,,Blink,[object Object],Chrome Mobile 86.0.4240.198 on Android 10,2021-05-09T02:47:03.896Z,直立,部屋の中,false,292.90000000000003,70.7,-7.1000000000000005,6.7,8,5.800000000000001,6.800000000000001,-1.6,2.7,-60.6,215.1,18.5
Chrome Mobile,86.0.4240.198,,,Blink,[object Object],Chrome Mobile 86.0.4240.198 on Android 10,2021-05-09T02:47:04.101Z,直立,部屋の中,false,295.3,68.2,-2.4000000000000004,4.6000000000000005,7.5,6,6,-1.4000000000000001,1,-37.7,-122.79999999999998,-75.00000000000001
Chrome Mobile,86.0.4240.198,,,Blink,[object Object],Chrome Mobile 86.0.4240.198 on Android 10,2021-05-09T02:47:04.302Z,直立,部屋の中,false,276.90000000000003,60.400000000000006,-13.200000000000001,-2.7,9.200000000000001,5.300000000000001,-3.9000000000000004,0.4,0.30000000000000004,-90.70000000000002,-75.60000000000001,-11.000000000000002
Chrome Mobile,86.0.4240.198,,,Blink,[object Object],Chrome Mobile 86.0.4240.198 on Android 10,2021-05-09T02:47:04.502Z,直立,部屋の中,false,273.1,62.400000000000006,-12,-3.3000000000000003,7.7,7.2,-4.2,-1.5,2.7,91,113.60000000000001,17.1
Chrome Mobile,86.0.4240.198,,,Blink,[object Object],Chrome Mobile 86.0.4240.198 on Android 10,2021-05-09T02:47:04.703Z,直立,部屋の中,false,294.6,72.4,-8.700000000000001,9.200000000000001,8.700000000000001,0.2,8.700000000000001,-1,-3.2,77.3,19.300000000000004,69.4
Chrome Mobile,86.0.4240.198,,,Blink,[object Object],Chrome Mobile 86.0.4240.198 on Android 10,2021-05-09T02:47:04.904Z,直立,部屋の中,false,300.3,65.8,-20.200000000000003,1.5,7.7,6.800000000000001,-0.30000000000000004,-1.6,2.9000000000000004,-51.300000000000004,-120.4,-24.7
Chrome Mobile,86.0.4240.198,,,Blink,[object Object],Chrome Mobile 86.0.4240.198 on Android 10,2021-05-09T02:47:05.105Z,直立,部屋の中,false,288.90000000000003,60.7,-24.3,-3.1,11.200000000000001,6.5,-5.6000000000000005,1.9000000000000001,1.9000000000000001,6.2,43.800000000000004,-34.60000000000001
Chrome Mobile,86.0.4240.198,,,Blink,[object Object],Chrome Mobile 86.0.4240.198 on Android 10,2021-05-09T02:47:05.305Z,直立,部屋の中,false,294.5,71.4,-13.700000000000001,1.6,7.9,4.5,0.7000000000000001,-1.7000000000000002,1.1,36,86.4,9.2
Chrome Mobile,86.0.4240.198,,,Blink,[object Object],Chrome Mobile 86.0.4240.198 on Android 10,2021-05-09T02:47:05.506Z,直立,部屋の中,false,323.5,73.7,-33.300000000000004,9.4,9.4,-3.1,7.9,-0.5,-5.300000000000001,14.600000000000001,-44.2,-9.3
Chrome Mobile,86.0.4240.198,,,Blink,[object Object],Chrome Mobile 86.0.4240.198 on Android 10,2021-05-09T02:47:05.708Z,直立,部屋の中,false,294.90000000000003,69.9,-34.6,-1.2000000000000002,9.8,5.4,-1.3,0.2,1.2000000000000002,-42.900000000000006,-178.20000000000002,-15.6
Chrome Mobile,86.0.4240.198,,,Blink,[object Object],Chrome Mobile 86.0.4240.198 on Android 10,2021-05-09T02:47:05.910Z,直立,部屋の中,false,284.90000000000003,73.3,-33,-4.5,9.700000000000001,6.2,-6.4,-0.1,3.7,68.7,65.7,-6.300000000000001
Chrome Mobile,86.0.4240.198,,,Blink,[object Object],Chrome Mobile 86.0.4240.198 on Android 10,2021-05-09T02:47:06.115Z,直立,部屋の中,false,308,74,-24.5,9.8,11.200000000000001,2.3000000000000003,8.6,1.3,-0.2,6.2,139.8,36
Chrome Mobile,86.0.4240.198,,,Blink,[object Object],Chrome Mobile 86.0.4240.198 on Android 10,2021-05-09T02:47:06.330Z,直立,部屋の中,false,299.3,72.7,-16.2,4.1000000000000005,7.1000000000000005,5.300000000000001,3,-2.7,2.7,-26.6,-135.20000000000002,-59.20000000000001
Chrome Mobile,86.0.4240.198,,,Blink,[object Object],Chrome Mobile 86.0.4240.198 on Android 10,2021-05-09T02:47:06.531Z,直立,部屋の中,false,270.2,64.3,-17,-8,11.4,6.800000000000001,-9.3,2.2,2.2,-81.50000000000001,-57.9,14.100000000000001
Chrome Mobile,86.0.4240.198,,,Blink,[object Object],Chrome Mobile 86.0.4240.198 on Android 10,2021-05-09T02:47:06.732Z,直立,部屋の中,false,270.7,69.2,-4.5,-1.1,7.7,10.3,-1.5,-2,6.800000000000001,100.80000000000001,139,36.300000000000004
Chrome Mobile,86.0.4240.198,,,Blink,[object Object],Chrome Mobile 86.0.4240.198 on Android 10,2021-05-09T02:47:06.932Z,直立,部屋の中,false,306.3,74.60000000000001,-11.100000000000001,14.4,12.8,-1.6,13.8,2.9000000000000004,-4.3,36.400000000000006,-20.400000000000002,8.899999999999999
Chrome Mobile,86.0.4240.198,,,Blink,[object Object],Chrome Mobile 86.0.4240.198 on Android 10,2021-05-09T02:47:07.133Z,直立,部屋の中,false,289,70.5,-16.8,0.7000000000000001,7.4,7.1000000000000005,-0.30000000000000004,-2.2,3.9000000000000004,-40.1,-168.3,-4.2
Chrome Mobile,86.0.4240.198,,,Blink,[object Object],Chrome Mobile 86.0.4240.198 on Android 10,2021-05-09T02:47:07.334Z,直立,部屋の中,false,268.8,57.7,-19.400000000000002,-6.5,10.700000000000001,8.9,-8.5,1.9000000000000001,3.8000000000000003,-43.300000000000004,5.9,-27.800000000000004
Chrome Mobile,86.0.4240.198,,,Blink,[object Object],Chrome Mobile 86.0.4240.198 on Android 10,2021-05-09T02:47:07.541Z,直立,部屋の中,false,272,66.7,-1.5,-0.4,5.5,8.200000000000001,-0.5,-4.1000000000000005,3.8000000000000003,47.400000000000006,203.10000000000002,25.200000000000003
Chrome Mobile,86.0.4240.198,,,Blink,[object Object],Chrome Mobile 86.0.4240.198 on Android 10,2021-05-09T02:47:07.742Z,直立,部屋の中,false,296.40000000000003,71.60000000000001,-6.1000000000000005,8.4,8.1,-2.4000000000000004,7.6000000000000005,-1.8,-5,-48.300000000000004,-33.50000000000001,-69.4
Chrome Mobile,86.0.4240.198,,,Blink,[object Object],Chrome Mobile 86.0.4240.198 on Android 10,2021-05-09T02:47:07.942Z,直立,部屋の中,false,277.6,62.1,-16.1,-2.3000000000000003,9.700000000000001,8.1,-3.5,0.9,3.4000000000000004,-26.799999999999997,-157.4,-1.7
Chrome Mobile,86.0.4240.198,,,Blink,[object Object],Chrome Mobile 86.0.4240.198 on Android 10,2021-05-09T02:47:08.143Z,直立,部屋の中,false,264.8,64.10000000000001,-11.600000000000001,-5.7,8.1,8.5,-6.5,-1.2000000000000002,4.2,45.099999999999994,92,6.2
Chrome Mobile,86.0.4240.198,,,Blink,[object Object],Chrome Mobile 86.0.4240.198 on Android 10,2021-05-09T02:47:08.344Z,直立,部屋の中,false,294.6,64.8,-5.6000000000000005,9.700000000000001,7.800000000000001,5.6000000000000005,8.5,-1.6,2.7,21.1,109.2,63.8
Chrome Mobile,86.0.4240.198,,,Blink,[object Object],Chrome Mobile 86.0.4240.198 on Android 10,2021-05-09T02:47:08.545Z,直立,部屋の中,false,289.40000000000003,61.6,-6,3,7.6000000000000005,5.9,2.8000000000000003,-1.5,1.4000000000000001,-43.1,-153.70000000000002,-98.10000000000001
Chrome Mobile,86.0.4240.198,,,Blink,[object Object],Chrome Mobile 86.0.4240.198 on Android 10,2021-05-09T02:47:08.746Z,直立,部屋の中,false,254.70000000000002,56.7,-4.7,-7.5,7,8.4,-7.9,-1.6,2.7,18.3,-77.7,-36.300000000000004
Chrome Mobile,86.0.4240.198,,,Blink,[object Object],Chrome Mobile 86.0.4240.198 on Android 10,2021-05-09T02:47:08.951Z,直立,部屋の中,false,271.1,67.2,-7.6000000000000005,-1.7000000000000002,7.7,7.1000000000000005,-1.7000000000000002,-1.8,3.3000000000000003,96.60000000000001,160.8,83.30000000000001
Chrome Mobile,86.0.4240.198,,,Blink,[object Object],Chrome Mobile 86.0.4240.198 on Android 10,2021-05-09T02:47:09.151Z,直立,部屋の中,false,328.20000000000005,74.60000000000001,-32.5,17.7,10.600000000000001,-4,16.2,0.6000000000000001,-6.300000000000001,34,18.4,26.200000000000003
Chrome Mobile,86.0.4240.198,,,Blink,[object Object],Chrome Mobile 86.0.4240.198 on Android 10,2021-05-09T02:47:09.352Z,直立,部屋の中,false,302.5,66.5,-23.5,2.2,9.8,6.6000000000000005,0.2,0.6000000000000001,3.2,-56,-156.4,-23.800000000000004
Chrome Mobile,86.0.4240.198,,,Blink,[object Object],Chrome Mobile 86.0.4240.198 on Android 10,2021-05-09T02:47:09.553Z,直立,部屋の中,false,286.5,64.4,-31.6,-6.2,9.3,5.5,-9.1,-0.1,3,61.199999999999996,21.8,-4
Chrome Mobile,86.0.4240.198,,,Blink,[object Object],Chrome Mobile 86.0.4240.198 on Android 10,2021-05-09T02:47:09.754Z,直立,部屋の中,false,286.5,72.9,-8.5,4.4,7.5,9.700000000000001,4.4,-1.7000000000000002,8.200000000000001,49.300000000000004,193,27.3
Chrome Mobile,86.0.4240.198,,,Blink,[object Object],Chrome Mobile 86.0.4240.198 on Android 10,2021-05-09T02:47:09.956Z,直立,部屋の中,false,320.3,73.9,-19.400000000000002,10.100000000000001,9.9,-0.5,9.200000000000001,0.1,-3.1,-39.699999999999996,-43.6,-55.2
Chrome Mobile,86.0.4240.198,,,Blink,[object Object],Chrome Mobile 86.0.4240.198 on Android 10,2021-05-09T02:47:10.161Z,直立,部屋の中,false,285.5,66.9,-18.3,-2.7,7.6000000000000005,8.4,-3.9000000000000004,-1.8,4.7,-53.7,-167.79999999999998,-18.700000000000003
Chrome Mobile,86.0.4240.198,,,Blink,[object Object],Chrome Mobile 86.0.4240.198 on Android 10,2021-05-09T02:47:10.362Z,直立,部屋の中,false,275.40000000000003,68.4,-16.2,-3.4000000000000004,9.700000000000001,7,-4.5,0.1,3.3000000000000003,74.30000000000001,93.3,-1.2000000000000002
Chrome Mobile,86.0.4240.198,,,Blink,[object Object],Chrome Mobile 86.0.4240.198 on Android 10,2021-05-09T02:47:10.564Z,直立,部屋の中,false,306.40000000000003,75,-15.4,13.4,11.100000000000001,3.1,13.9,1.8,0.1,62.800000000000004,43.300000000000004,82.39999999999999
Chrome Mobile,86.0.4240.198,,,Blink,[object Object],Chrome Mobile 86.0.4240.198 on Android 10,2021-05-09T02:47:10.773Z,直立,部屋の中,false,300.90000000000003,71.5,-17.8,1.9000000000000001,8.6,4.6000000000000005,0.4,-1,1.8,-46.7,-130,-25.4
Chrome Mobile,86.0.4240.198,,,Blink,[object Object],Chrome Mobile 86.0.4240.198 on Android 10,2021-05-09T02:47:10.974Z,直立,部屋の中,false,289.5,68.3,-28.200000000000003,-5,9.5,4.3,-7.300000000000001,0.1,1.3,41.900000000000006,24.900000000000002,-0.30000000000000004
Chrome Mobile,86.0.4240.198,,,Blink,[object Object],Chrome Mobile 86.0.4240.198 on Android 10,2021-05-09T02:47:11.175Z,直立,部屋の中,false,298.40000000000003,72.8,-13,0.30000000000000004,7.5,5.2,-0.6000000000000001,-2.3000000000000003,2.3000000000000003,6.9,169.60000000000002,40.1
Chrome Mobile,86.0.4240.198,,,Blink,[object Object],Chrome Mobile 86.0.4240.198 on Android 10,2021-05-09T02:47:11.375Z,直立,部屋の中,false,322.8,73.3,-31.1,6.5,6.7,1.9000000000000001,5.1000000000000005,-3.2,-0.7000000000000001,-42.2,-76.60000000000001,-41.6
Chrome Mobile,86.0.4240.198,,,Blink,[object Object],Chrome Mobile 86.0.4240.198 on Android 10,2021-05-09T02:47:11.576Z,直立,部屋の中,false,291.7,63,-28.6,-2.1,11.4,5.4,-4.3,2.3000000000000003,1.4000000000000001,-91.8,-126.70000000000002,-15.5
Chrome Mobile,86.0.4240.198,,,Blink,[object Object],Chrome Mobile 86.0.4240.198 on Android 10,2021-05-09T02:47:11.777Z,直立,部屋の中,false,282.5,69,-15.5,-1.9000000000000001,7.9,5.9,-2.9000000000000004,-1.7000000000000002,2.3000000000000003,60.5,139.9,-2.9
Chrome Mobile,86.0.4240.198,,,Blink,[object Object],Chrome Mobile 86.0.4240.198 on Android 10,2021-05-09T02:47:11.980Z,直立,部屋の中,false,320.3,69.9,-21.5,10.4,9.4,0.6000000000000001,9.5,0.1,-2.6,-9.899999999999999,76.7,56.7
Chrome Mobile,86.0.4240.198,,,Blink,[object Object],Chrome Mobile 86.0.4240.198 on Android 10,2021-05-09T02:47:12.182Z,直立,部屋の中,false,297.3,67.10000000000001,-16.2,-0.4,6.6000000000000005,6.5,-1,-2.9000000000000004,2.5,-17,-181.9,-58.3
Chrome Mobile,86.0.4240.198,,,Blink,[object Object],Chrome Mobile 86.0.4240.198 on Android 10,2021-05-09T02:47:12.388Z,直立,部屋の中,false,274.6,65.2,-19.3,-7.6000000000000005,10,7,-9,0.8,3,27,25.1,-12.7
Chrome Mobile,86.0.4240.198,,,Blink,[object Object],Chrome Mobile 86.0.4240.198 on Android 10,2021-05-09T02:47:12.595Z,直立,部屋の中,false,295.40000000000003,71.9,-12.4,4.800000000000001,9.600000000000001,4.6000000000000005,4.2,-0.1,1.4000000000000001,32.6,136.4,88.4
Chrome Mobile,86.0.4240.198,,,Blink,[object Object],Chrome Mobile 86.0.4240.198 on Android 10,2021-05-09T02:47:12.796Z,直立,部屋の中,false,308.5,69.60000000000001,-20.3,6.7,8,2.4000000000000004,5.4,-1.6,-0.9,-84.1,-69.3,-81.50000000000001
Chrome Mobile,86.0.4240.198,,,Blink,[object Object],Chrome Mobile 86.0.4240.198 on Android 10,2021-05-09T02:47:12.996Z,直立,部屋の中,false,275.7,63.7,-18.2,-4.800000000000001,8.5,6.7,-6.300000000000001,-0.5,2.6,-28.400000000000002,-102.2,0.2
Chrome Mobile,86.0.4240.198,,,Blink,[object Object],Chrome Mobile 86.0.4240.198 on Android 10,2021-05-09T02:47:13.201Z,直立,部屋の中,false,272.6,66.8,-7.2,-0.9,9.8,6.1000000000000005,-1.2000000000000002,0.2,1.7000000000000002,67.7,166.9,11.700000000000001
Chrome Mobile,86.0.4240.198,,,Blink,[object Object],Chrome Mobile 86.0.4240.198 on Android 10,2021-05-09T02:47:13.402Z,直立,部屋の中,false,323.8,76.2,-25.8,14.3,10.3,-1.1,13.700000000000001,0.7000000000000001,-2.8000000000000003,5.7,18.3,3.8
Chrome Mobile,86.0.4240.198,,,Blink,[object Object],Chrome Mobile 86.0.4240.198 on Android 10,2021-05-09T02:47:13.602Z,直立,部屋の中,false,296.2,68.4,-17.7,2.3000000000000003,8.4,7.300000000000001,1.1,-1.1,3.3000000000000003,-68.2,-186.5,-45.099999999999994
Chrome Mobile,86.0.4240.198,,,Blink,[object Object],Chrome Mobile 86.0.4240.198 on Android 10,2021-05-09T02:47:13.803Z,直立,部屋の中,false,272.6,63.7,-24.200000000000003,-4.2,10.8,5.6000000000000005,-6.1000000000000005,1.6,1.5,18.8,-48.9,-19.6
Chrome Mobile,86.0.4240.198,,,Blink,[object Object],Chrome Mobile 86.0.4240.198 on Android 10,2021-05-09T02:47:14.004Z,直立,部屋の中,false,264,68.7,-0.6000000000000001,-1.8,7.1000000000000005,4.9,-1.8,-2.5,1.2000000000000002,20.599999999999998,188.10000000000002,28.200000000000003
Chrome Mobile,86.0.4240.198,,,Blink,[object Object],Chrome Mobile 86.0.4240.198 on Android 10,2021-05-09T02:47:14.209Z,直立,部屋の中,false,305.6,69.9,-18.3,11.200000000000001,9.1,0.30000000000000004,10.100000000000001,-0.5,-3,-4,2.1,-1.3
Chrome Mobile,86.0.4240.198,,,Blink,[object Object],Chrome Mobile 86.0.4240.198 on Android 10,2021-05-09T02:47:14.410Z,直立,部屋の中,false,280,63.800000000000004,-14.700000000000001,-2.4000000000000004,9,7,-3.8000000000000003,-0.30000000000000004,2.9000000000000004,-50.3,-127.6,-51.300000000000004
Chrome Mobile,86.0.4240.198,,,Blink,[object Object],Chrome Mobile 86.0.4240.198 on Android 10,2021-05-09T02:47:14.611Z,直立,部屋の中,false,268.5,67,-11.8,-4.2,10,6.2,-4.800000000000001,0.6000000000000001,2.3000000000000003,54.9,48.10000000000001,-2
Chrome Mobile,86.0.4240.198,,,Blink,[object Object],Chrome Mobile 86.0.4240.198 on Android 10,2021-05-09T02:47:14.811Z,直立,部屋の中,false,282.90000000000003,72.7,-3.7,5.6000000000000005,8.5,4.6000000000000005,5.7,-1.2000000000000002,1.1,16,96.9,58.5
Chrome Mobile,86.0.4240.198,,,Blink,[object Object],Chrome Mobile 86.0.4240.198 on Android 10,2021-05-09T02:47:15.012Z,直立,部屋の中,false,286.90000000000003,69.7,-9.5,3.3000000000000003,8.6,3.8000000000000003,2.2,-1,0.8,-29.400000000000002,-109.2,-49
Chrome Mobile,86.0.4240.198,,,Blink,[object Object],Chrome Mobile 86.0.4240.198 on Android 10,2021-05-09T02:47:15.214Z,直立,部屋の中,false,266.8,64.7,-14.200000000000001,-7.4,10.600000000000001,6.2,-8.5,1.4000000000000001,1.9000000000000001,5.4,-35.8,-11.6
Chrome Mobile,86.0.4240.198,,,Blink,[object Object],Chrome Mobile 86.0.4240.198 on Android 10,2021-05-09T02:47:15.416Z,直立,部屋の中,false,263.2,72.8,2.1,-1.3,8.3,6.6000000000000005,-1.1,-1.5,3.6,32.5,114.99999999999999,31.6
Chrome Mobile,86.0.4240.198,,,Blink,[object Object],Chrome Mobile 86.0.4240.198 on Android 10,2021-05-09T02:47:15.622Z,直立,部屋の中,false,304.6,73.4,-16.6,12.600000000000001,10.700000000000001,0.4,11.700000000000001,1,-2.4000000000000004,1.6,-23.900000000000006,1.5
Chrome Mobile,86.0.4240.198,,,Blink,[object Object],Chrome Mobile 86.0.4240.198 on Android 10,2021-05-09T02:47:15.827Z,直立,部屋の中,false,278.2,66.60000000000001,-15.4,-0.1,9.200000000000001,5.5,-1.4000000000000001,-0.2,1.8,-42.60000000000001,-156.9,-34.800000000000004
Chrome Mobile,86.0.4240.198,,,Blink,[object Object],Chrome Mobile 86.0.4240.198 on Android 10,2021-05-09T02:47:16.028Z,直立,部屋の中,false,267,66.10000000000001,-17.900000000000002,-6.300000000000001,9.4,7.1000000000000005,-7.4,0.2,2.9000000000000004,47.5,44.7,16.4
Chrome Mobile,86.0.4240.198,,,Blink,[object Object],Chrome Mobile 86.0.4240.198 on Android 10,2021-05-09T02:47:16.233Z,直立,部屋の中,false,287.3,73.7,-8.3,4.4,8.700000000000001,5.2,4.4,-1.1,2.8000000000000003,15.2,141.5,49.9
Chrome Mobile,86.0.4240.198,,,Blink,[object Object],Chrome Mobile 86.0.4240.198 on Android 10,2021-05-09T02:47:16.434Z,直立,部屋の中,false,301.7,73.10000000000001,-12.100000000000001,5,8.200000000000001,3.2,4.4,-1.5,0.1,-53.10000000000001,-71.9,-49.1
Chrome Mobile,86.0.4240.198,,,Blink,[object Object],Chrome Mobile 86.0.4240.198 on Android 10,2021-05-09T02:47:16.635Z,直立,部屋の中,false,281.90000000000003,64.5,-20.700000000000003,-3.2,10.700000000000001,6.6000000000000005,-4.3,1.4000000000000001,2.5,-61,-103.2,-24.7
Chrome Mobile,86.0.4240.198,,,Blink,[object Object],Chrome Mobile 86.0.4240.198 on Android 10,2021-05-09T02:47:16.837Z,直立,部屋の中,false,268.7,64.8,-7.6000000000000005,-2.5,9.5,2.6,-3,0.2,-1.8,17.200000000000003,162.6,-14.300000000000002
Chrome Mobile,86.0.4240.198,,,Blink,[object Object],Chrome Mobile 86.0.4240.198 on Android 10,2021-05-09T02:47:17.039Z,直立,部屋の中,false,306.5,72.4,-18.2,12.100000000000001,10.5,2.4000000000000004,11.5,0.9,-0.6000000000000001,49.4,20.900000000000002,68.2
Chrome Mobile,86.0.4240.198,,,Blink,[object Object],Chrome Mobile 86.0.4240.198 on Android 10,2021-05-09T02:47:17.239Z,直立,部屋の中,false,284.8,68.10000000000001,-8.4,2,8.1,4,1.2000000000000002,-1.4000000000000001,0.30000000000000004,-55,-123.8,-70.7
Chrome Mobile,86.0.4240.198,,,Blink,[object Object],Chrome Mobile 86.0.4240.198 on Android 10,2021-05-09T02:47:17.446Z,直立,部屋の中,false,266.90000000000003,61.1,-12.4,-7.5,9.4,7.300000000000001,-8.5,0.6000000000000001,2.3000000000000003,6.2,-7.8,25.900000000000002
Chrome Mobile,86.0.4240.198,,,Blink,[object Object],Chrome Mobile 86.0.4240.198 on Android 10,2021-05-09T02:47:17.647Z,直立,部屋の中,false,286.1,70.7,-8.200000000000001,7.6000000000000005,9.5,2.2,6,-0.7000000000000001,-0.5,66.9,143.2,85.20000000000002
Chrome Mobile,86.0.4240.198,,,Blink,[object Object],Chrome Mobile 86.0.4240.198 on Android 10,2021-05-09T02:47:17.847Z,直立,部屋の中,false,313.90000000000003,71.9,-21.5,7.4,8,2.6,6.300000000000001,-1.8,-0.5,-39.50000000000001,-56.9,-74.89999999999999
Chrome Mobile,86.0.4240.198,,,Blink,[object Object],Chrome Mobile 86.0.4240.198 on Android 10,2021-05-09T02:47:18.048Z,直立,部屋の中,false,274.6,69,-14.700000000000001,-4,8.3,5.1000000000000005,-5,-1.3,1.5,-2.9,-199.5,-8.8
Chrome Mobile,86.0.4240.198,,,Blink,[object Object],Chrome Mobile 86.0.4240.198 on Android 10,2021-05-09T02:47:18.254Z,直立,部屋の中,false,263.40000000000003,68.60000000000001,-11.5,-2.5,10,5.800000000000001,-3.1,0.4,2.2,19.300000000000004,99.10000000000001,-1.3
Chrome Mobile,86.0.4240.198,,,Blink,[object Object],Chrome Mobile 86.0.4240.198 on Android 10,2021-05-09T02:47:18.464Z,直立,部屋の中,false,277.40000000000003,52.7,-0.9,6.800000000000001,8.4,6.7,6.5,-0.1,1.2000000000000002,-139.9,32.6,43.4
Chrome Mobile,86.0.4240.198,,,Blink,[object Object],Chrome Mobile 86.0.4240.198 on Android 10,2021-05-09T02:47:18.668Z,直立,部屋の中,false,283.3,30.1,4.5,-0.4,5.300000000000001,7.9,0.7000000000000001,0.6000000000000001,-0.6000000000000001,-25.900000000000002,-13.399999999999999,1.9
Chrome Mobile,86.0.4240.198,,,Blink,[object Object],Chrome Mobile 86.0.4240.198 on Android 10,2021-05-09T02:47:18.872Z,直立,部屋の中,false,284.8,24.8,3.5,-0.5,4.1000000000000005,9.4,0,-0.1,0.4,-14.800000000000002,-0.1,10.4
Chrome Mobile,86.0.4240.198,,,Blink,[object Object],Chrome Mobile 86.0.4240.198 on Android 10,2021-05-09T02:47:19.073Z,直立,部屋の中,false,285.8,23.400000000000002,2,0,4.1000000000000005,9.4,0.30000000000000004,0.1,0,3.7000000000000006,-7.200000000000001,-1.7